-1.033447524628126057e-01,-1.088131095793358344e-01,-6.550132286442046647e-02,4.739989120643401527e-03,1.940441340987158148e+00,3.940441340987157925e+00
3.004781165099274509e-01,2.535286124557040721e-01,5.081763352012835799e-02,2.072030059107130527e-03,1.997014794832805196e+00,3.997014794832804974e+00
1.064279294544118848e+00,1.007639041848892303e+00,2.444194288598799947e-01,5.123848902072040273e-02,2.056717066111367842e+00,4.056717066111366954e+00
1.791110766935728460e+00,1.876580822602593290e+00,4.387675551508820049e-01,1.690885277923917240e-01,2.020409988136291801e+00,4.020409988136290913e+00
2.417079003007521987e+00,2.869961838454668346e+00,6.157402515421611655e-01,3.849111290814329345e-01,1.976415952058113490e+00,3.976415952058113490e+00
2.926659085498743984e+00,4.014848238073589926e+00,7.037351914171008360e-01,7.671391854523972320e-01,1.947948276956042779e+00,3.947948276956042335e+00
3.564409131020416233e+00,5.591526711625050439e+00,5.160727130736566526e-01,1.511011049658190775e+00,2.057838836703458352e+00,4.057838836703457908e+00
3.837288497831472966e+00,7.139450516645906575e+00,-1.680932910607657038e-01,2.165071406961965206e+00,2.043178155104654614e+00,4.043178155104654614e+00
4.016693048712666858e+00,8.837229962809397321e+00,-5.010218937934873829e-01,2.840534916114142217e+00,2.103635314971464165e+00,4.103635314971463721e+00
3.495348549599234023e+00,1.015255795198808642e+01,-2.049865585532879120e+00,2.779777230442150859e+00,1.968905912390487734e+00,3.968905912390487956e+00
3.064339157344788678e+00,1.160547178949292046e+01,-1.842695477785971647e+00,3.677047792654458913e+00,1.991216756182767833e+00,3.991216756182768055e+00
2.604397915302396616e+00,1.317355083187694298e+01,-1.365616427536153532e+00,4.661806046466390185e+00,2.050757304745237874e+00,4.050757304745237874e+00
1.637625369339877013e+00,1.446156548826792765e+01,-3.600121559062462229e+00,4.279730038670962244e+00,2.039069265698974842e+00,4.039069265698975286e+00
3.549951318005643008e-01,1.544374824197272922e+01,-5.512414937842686768e+00,2.999835139250708327e+00,1.997365685761871346e+00,3.997365685761871568e+00
-7.276537943482643822e-01,1.653227448204126659e+01,-5.611260213052311485e+00,4.044258605327451406e+00,2.045289041294708898e+00,4.045289041294708454e+00
-2.369783883566892513e+00,1.696777576453076719e+01,-7.401445625796199579e+00,1.640615439231699391e+00,1.960117332077215391e+00,3.960117332077215391e+00
-3.812628506561642983e+00,1.750389321027366663e+01,-7.962645728332979012e+00,1.806119415797249550e+00,1.985965174002939149e+00,3.985965174002938927e+00
-5.380356697417221667e+00,1.772375817997854597e+01,-8.709013325485148727e+00,7.813254514285203900e-01,1.973945719229392770e+00,3.973945719229392548e+00
-6.876733424520931948e+00,1.783226928210262940e+01,-9.231202821900605926e+00,8.689683928143175640e-02,2.002399426243927749e+00,4.002399426243927749e+00
-8.354935827420046479e+00,1.766802315412642344e+01,-9.578072781583548689e+00,-1.337210770274790628e+00,2.018985356247217755e+00,4.018985356247218199e+00
-9.765675306884704199e+00,1.725198305924461906e+01,-9.583696970257070902e+00,-3.052221831200071733e+00,2.034886750102426145e+00,4.034886750102425701e+00
-1.120229714768214180e+01,1.638707461867711856e+01,-8.929886188735748576e+00,-5.613939356548427462e+00,1.987907054714395771e+00,3.987907054714395549e+00
-1.248279278437604134e+01,1.541804576136690308e+01,-8.333681776972751365e+00,-7.139049246625675416e+00,1.980421143060468125e+00,3.980421143060468125e+00
-1.352088292445383644e+01,1.440152787180800686e+01,-7.594110670317140155e+00,-8.304031460784321084e+00,2.014226459170041839e+00,4.014226459170042283e+00
-1.431574165882070737e+01,1.326261353454341929e+01,-6.315568300011281444e+00,-9.557537081326538342e+00,2.047791953896294537e+00,4.047791953896295425e+00
-1.506885742457169819e+01,1.184830986249865070e+01,-5.026402984499528159e+00,-1.069776168497083901e+01,2.003867537871073967e+00,4.003867537871073523e+00
-1.555578891027185229e+01,1.037380074360854998e+01,-3.347225147391970967e+00,-1.164132864925682753e+01,2.004882330073252561e+00,4.004882330073251673e+00
-1.583727996325099774e+01,8.830619178433405381e+00,-1.636859831662851761e+00,-1.229015650594550735e+01,1.995414434134236137e+00,3.995414434134235915e+00
-1.577807015070115959e+01,7.326127803219503853e+00,7.264662487125492785e-01,-1.257772029255459678e+01,2.015682432181823192e+00,4.015682432181823636e+00
-1.564381756055717076e+01,5.765158630198482292e+00,2.092465542256129574e+00,-1.267879320172669466e+01,1.988496988803203802e+00,3.988496988803204246e+00
-1.517767826236515205e+01,4.302412924735455668e+00,4.329840701948355353e+00,-1.230618224439005992e+01,1.995730235100581673e+00,3.995730235100581673e+00
-1.419010570324321563e+01,3.142474646951691764e+00,7.923869751606415157e+00,-1.048534093092661656e+01,2.063004011977928265e+00,4.063004011977928265e+00
-1.340485293155927593e+01,1.867531452408265347e+00,8.482045176634397166e+00,-1.024072695305494385e+01,2.028589121869090128e+00,4.028589121869090128e+00
-1.275868576196573123e+01,4.134641461877235913e-01,7.749364719940436963e+00,-1.099401328104105424e+01,1.943288258271972158e+00,3.943288258271971713e+00
-1.135194561050234441e+01,-3.476183508307119086e-01,1.122001261808105887e+01,-7.652971827389188242e+00,2.009640314560922736e+00,4.009640314560923180e+00
-1.011976715898458501e+01,-1.171782576076242366e+00,1.203972089015479874e+01,-6.515328280733934996e+00,1.972859012181441996e+00,3.972859012181442218e+00
-8.499593985114950456e+00,-1.435979774992375724e+00,1.358348048052296875e+01,-2.666814680662906056e+00,2.031427733014402381e+00,4.031427733014401937e+00
-6.970459251236666098e+00,-1.650899923663022628e+00,1.395026954877563163e+01,-7.976666859175951529e-01,2.034182034355449087e+00,4.034182034355448643e+00
-5.515769016366283140e+00,-1.835985670808677028e+00,1.402837278122463438e+01,1.014563137126788667e-01,2.005838036425381166e+00,4.005838036425381610e+00
-3.867970438082113382e+00,-1.425880117618998577e+00,1.379259196342461991e+01,3.573756632229958097e+00,2.074213412900044684e+00,4.074213412900044240e+00
-2.508010533909157402e+00,-1.275899205738547426e+00,1.362138958834727021e+01,4.000426826671529490e+00,1.998790481102291627e+00,3.998790481102291849e+00
-1.150599738518717663e+00,-7.225294319669931520e-01,1.287700821694205544e+01,6.066870723370842100e+00,2.004619070363325317e+00,4.004619070363325761e+00
1.087529152216608480e-01,7.286899828985642091e-02,1.171818856861060354e+01,8.170551005953592849e+00,2.006852264698220978e+00,4.006852264698220978e+00
1.260165434306601329e+00,1.092579981077020701e+00,1.025140499882383693e+01,1.007242390308606339e+01,2.018817221050218436e+00,4.018817221050218436e+00
2.308464973968535894e+00,2.316804929322631601e+00,8.684038287528995426e+00,1.162980635510311167e+01,2.045640792888420378e+00,4.045640792888420378e+00
2.949128459195450525e+00,3.473421721816544405e+00,6.494642748169567881e+00,1.285577216675161338e+01,1.974417645208222938e+00,3.974417645208223160e+00
3.650464504812657385e+00,4.914398202919810110e+00,5.063937147490048751e+00,1.362893820235889031e+01,2.030673500836540413e+00,4.030673500836541301e+00
4.118674948922394385e+00,6.428140076748307230e+00,3.222441045163088713e+00,1.428939286336843217e+01,2.045209535435642323e+00,4.045209535435642323e+00
4.204729569648558041e+00,7.906439301098306949e+00,4.240709412184842653e-01,1.464611267509608261e+01,2.017519407925609354e+00,4.017519407925609798e+00
3.728821170252111461e+00,9.186031600518008489e+00,-3.892822548931423210e+00,1.396104745760587384e+01,1.927391946400990541e+00,3.927391946400990541e+00
3.556901578474667147e+00,1.067502805256081189e+01,-4.273172291042681259e+00,1.389253938880630557e+01,1.981243143700481824e+00,3.981243143700481824e+00
2.842587231744709175e+00,1.191510174603339500e+01,-7.287757888858726218e+00,1.253699293522695690e+01,1.928720262510162486e+00,3.928720262510162708e+00
2.533141347842107205e+00,1.350955194830297401e+01,-6.170360375566940725e+00,1.320028811235721733e+01,2.023393455060191748e+00,4.023393455060191748e+00
1.619546871233188856e+00,1.470395940182816830e+01,-8.888256610085994325e+00,1.158844311518642023e+01,1.998190632780858067e+00,3.998190632780858067e+00
2.980621583419726939e-01,1.554202120954852973e+01,-1.195763506915693597e+01,8.412521683703806374e+00,1.945775558972479446e+00,3.945775558972479669e+00
-7.938733522172457535e-01,1.653494894545206861e+01,-1.232012439725490260e+01,7.905977596793146489e+00,1.990565650581876067e+00,3.990565650581876067e+00
-2.089523486699932597e+00,1.726461855092724917e+01,-1.330208379031679833e+01,6.159708581190273868e+00,1.992827815999532737e+00,3.992827815999532959e+00
-3.440098561130080501e+00,1.783861741763005426e+01,-1.395747924331087475e+01,4.491432096398749962e+00,2.010698510820812412e+00,4.010698510820811968e+00
-4.942441899776346403e+00,1.805534431310082155e+01,-1.460013541175108998e+01,1.670773946319584535e+00,1.997767714314023557e+00,3.997767714314023557e+00
-6.339432012076089862e+00,1.825236944596742106e+01,-1.464799982068704232e+01,2.912378891674221593e-01,2.038209718431585493e+00,4.038209718431585493e+00
-7.930741505044176520e+00,1.784846469673045632e+01,-1.432719942366919064e+01,-3.553832981370335542e+00,1.981820831767381552e+00,3.981820831767381552e+00
-9.280478362291656680e+00,1.760264318228817970e+01,-1.392324935394452190e+01,-4.660266518610900910e+00,2.039690363390525452e+00,4.039690363390525008e+00
-1.087096682321331720e+01,1.656906903169103629e+01,-1.240149521028978796e+01,-8.436144138579027896e+00,1.910947257395767762e+00,3.910947257395767540e+00
-1.201148620945519596e+01,1.597300458689396585e+01,-1.172746665631143514e+01,-9.075579347491487425e+00,2.022797584492728173e+00,4.022797584492728618e+00
-1.303229961869119435e+01,1.511272455485357291e+01,-1.034066239448556068e+01,-1.046142411668525263e+01,2.047330089195664726e+00,4.047330089195665614e+00
-1.391141512642356304e+01,1.403412787227299674e+01,-8.518177355580551335e+00,-1.191157900719641738e+01,2.052977536717916607e+00,4.052977536717916607e+00
-1.470546900258578660e+01,1.273346907491709068e+01,-6.685909449118487835e+00,-1.308502629243055715e+01,2.026820314849382410e+00,4.026820314849381965e+00
-1.530430387268817327e+01,1.132878274849166544e+01,-4.721361181210875557e+00,-1.396657547897195251e+01,2.019561439919572710e+00,4.019561439919572265e+00
-1.575082480159024989e+01,9.816828563642184591e+00,-2.910735044623843581e+00,-1.454132222704978972e+01,1.998597202039080312e+00,3.998597202039079868e+00
-1.584587845521818927e+01,8.327487928596520206e+00,-2.576151977102015822e-01,-1.483075977291844261e+01,2.017950686966434315e+00,4.017950686966434759e+00
-1.573265347205526865e+01,6.836651554700548417e+00,2.107086821315006020e+00,-1.469181982799675801e+01,2.020827652112561434e+00,4.020827652112561879e+00
-1.564314392369078455e+01,5.234653716406024948e+00,2.933248018914727417e+00,-1.464637685547294055e+01,1.970284276930729161e+00,3.970284276930729384e+00
-1.480272214022836330e+01,3.994879306795798612e+00,7.350022216990345747e+00,-1.292593993848691092e+01,2.049255946585315957e+00,4.049255946585316401e+00
-1.406423952854397896e+01,2.712474496276362057e+00,8.806744851606737257e+00,-1.198368261024855208e+01,2.033434749202256864e+00,4.033434749202257308e+00
-1.348157387370611637e+01,1.245895909032532778e+00,8.369319940355220311e+00,-1.232718258609775042e+01,1.960069073067289391e+00,3.960069073067289835e+00
-1.205030100307988405e+01,5.037451713138468845e-01,1.237124936267456299e+01,-8.297641571488632906e+00,2.054465071605187987e+00,4.054465071605187987e+00
-1.100239503560513832e+01,-5.317026755669040927e-01,1.245606419807802467e+01,-8.144347133378262882e+00,1.991898136677051623e+00,3.991898136677051401e+00
-9.868882946599530470e+00,-1.451768560083264825e+00,1.282827370035532866e+01,-7.472448463298011490e+00,1.948142217560658418e+00,3.948142217560658196e+00
-8.195074979091495848e+00,-1.589400076623991076e+00,1.471522869307845482e+01,-2.401775762405152115e+00,2.030174653582095257e+00,4.030174653582094813e+00
-6.801041416957411379e+00,-1.941572788099404256e+00,1.481265156065338928e+01,-1.391460674943768128e+00,1.984443254169343529e+00,3.984443254169343529e+00
-5.162617980229864401e+00,-1.707456294616074288e+00,1.480960243630521234e+01,2.308271135358015425e+00,2.046522634199243296e+00,4.046522634199243740e+00
-3.731969574505928922e+00,-1.631850275417054075e+00,1.458857295153658562e+01,3.200733334930946583e+00,2.000945436969436830e+00,4.000945436969437274e+00
-2.302074367049702808e+00,-1.234011998067745752e+00,1.399792000924061952e+01,5.190799759820086123e+00,2.004482683153738343e+00,4.004482683153738343e+00
-9.679895305589020227e-01,-6.387909846329207220e-01,1.309026079481781224e+01,7.126481913990027728e+00,1.995982329399717203e+00,3.995982329399717425e+00
1.905292871181561987e-01,7.453626896140638780e-02,1.190691546459985339e+01,8.788494760099689884e+00,1.960694233556836918e+00,3.960694233556837140e+00
1.371508880407461328e+00,1.204303640977040235e+00,1.021500877994627210e+01,1.087786393659597906e+01,2.018307895344225944e+00,4.018307895344226388e+00
2.438171112761701398e+00,2.493722024642035962e+00,8.633178018306381318e+00,1.235568172354301630e+01,2.053446277446713708e+00,4.053446277446714596e+00
3.348271277197576445e+00,3.907169798179050968e+00,7.057614660015117281e+00,1.348285604110029823e+01,2.080668271549426684e+00,4.080668271549427573e+00
3.978085254542918836e+00,5.367231600519147605e+00,5.004670376060409431e+00,1.443239385330682367e+01,2.077759803539098726e+00,4.077759803539098726e+00
4.419606262255420859e+00,6.911531483706542467e+00,2.999400611888012769e+00,1.504616935219375584e+01,2.094698862013132157e+00,4.094698862013132157e+00
4.383761375046295150e+00,8.357933283799583890e+00,-4.095517644577956196e-01,1.524466703058851458e+01,2.045980071310455450e+00,4.045980071310455450e+00
4.171232692223856731e+00,9.793295393428055107e+00,-3.051353279662357476e+00,1.487638638104573552e+01,2.034316990805783654e+00,4.034316990805783654e+00
3.800819651803135635e+00,1.121163863588327558e+01,-5.106467340078367556e+00,1.425971077209987747e+01,2.032911759707059396e+00,4.032911759707059396e+00
3.041380436417014277e+00,1.243781855708342832e+01,-8.104411276891415383e+00,1.270596673155730016e+01,1.988639439906932482e+00,3.988639439906932704e+00
2.432926529935619087e+00,1.380733215915228129e+01,-8.522698777586835917e+00,1.241042612971635073e+01,2.027201047130175571e+00,4.027201047130176015e+00
1.626699083604248752e+00,1.507041909829771065e+01,-9.598082050662627651e+00,1.158512442395748465e+01,2.043838484310855463e+00,4.043838484310856352e+00
4.487511535044115263e-01,1.601117729810345480e+01,-1.186451157623046093e+01,9.234162849682027385e+00,2.017231331359793600e+00,4.017231331359793600e+00
-1.037401827707143287e+00,1.657157808673639821e+01,-1.397922629324651034e+01,5.577229743665939488e+00,1.960656767858876881e+00,3.960656767858877103e+00
-2.336763189336681812e+00,1.727358970885822131e+01,-1.424309957859268572e+01,4.810531198111753781e+00,1.989138255806338407e+00,3.989138255806338407e+00
-3.608712087190709461e+00,1.795796489744841296e+01,-1.428455033580442191e+01,4.444168202819534841e+00,2.034276320556655193e+00,4.034276320556655193e+00
-5.278427887811378838e+00,1.787334360648367593e+01,-1.505507888942671180e+01,-1.565349296373438059e-01,1.952964725158262027e+00,3.952964725158262027e+00
-6.782215029930134698e+00,1.787196056740994621e+01,-1.495765164721398044e+01,-1.770388451005671104e+00,1.969304346891012303e+00,3.969304346891012525e+00
-8.251915645803853394e+00,1.770139641963963939e+01,-1.465645265099938044e+01,-3.386966106473324079e+00,1.980240489968184914e+00,3.980240489968184914e+00
-9.466675071262436347e+00,1.767059666335602230e+01,-1.430715894911124408e+01,-3.697912583104457251e+00,2.083102150544644093e+00,4.083102150544643649e+00
-1.092809041703096007e+01,1.674160596917063160e+01,-1.277855916688472604e+01,-7.756070934391105176e+00,1.973862086078410405e+00,3.973862086078410183e+00
-1.210458926982063943e+01,1.596391657849896895e+01,-1.160790411574846281e+01,-9.316025303706412686e+00,2.020116216549338706e+00,4.020116216549339150e+00
-1.317180565824087601e+01,1.496693749756610003e+01,-1.007377446371331864e+01,-1.092735078628719947e+01,2.022684022614651411e+00,4.022684022614651411e+00
-1.404523571204535060e+01,1.384577624880149749e+01,-8.253711774461411466e+00,-1.229667440339358109e+01,2.039135062810021548e+00,4.039135062810021992e+00
-1.490130669199569446e+01,1.246900114974166129e+01,-6.682330045866959445e+00,-1.334811955152121854e+01,1.990419356874908674e+00,3.990419356874908896e+00
-1.559892405704233198e+01,1.096764921521189606e+01,-5.061739961233030272e+00,-1.418744116431482283e+01,1.958277547974789368e+00,3.958277547974789368e+00
-1.572116322741864813e+01,9.594955184849537133e+00,-1.588471136279441698e+00,-1.484751699056178964e+01,2.035869039555506799e+00,4.035869039555506355e+00
-1.594534255910930121e+01,8.047768877963140000e+00,-2.742702969461140450e-01,-1.499197077562628166e+01,1.988763701013475327e+00,3.988763701013475327e+00
-1.560621696813022830e+01,6.670459524446616939e+00,3.335039163662542716e+00,-1.452322712298577123e+01,2.047533041047788771e+00,4.047533041047789659e+00
-1.558484711791108168e+01,5.039421757667563284e+00,3.117737500683088303e+00,-1.466579670101186927e+01,1.965335341532012059e+00,3.965335341532012059e+00
-1.481739280674061732e+01,3.764566250475602338e+00,7.066818209568427100e+00,-1.316897863595396601e+01,2.028808732447759944e+00,4.028808732447759944e+00
-1.412829990855735929e+01,2.431749762665629699e+00,8.381373305828333287e+00,-1.238725353860610667e+01,2.003138363604773264e+00,4.003138363604773708e+00
-1.322543774006292949e+01,1.232528817167437785e+00,9.984997755259627183e+00,-1.114402614117612167e+01,1.998062915294039010e+00,3.998062915294039232e+00
-1.213510043486535217e+01,2.007462472587156488e-01,1.156651017939270787e+01,-9.499618606826974343e+00,1.996808125240836729e+00,3.996808125240836507e+00
-1.118978284864941486e+01,-9.682091930445475558e-01,1.151395136992787727e+01,-9.527321308378256859e+00,1.924520513519048626e+00,3.924520513519048404e+00
-9.739643404698245632e+00,-1.521441380268167221e+00,1.371573748200671616e+01,-5.956168289876733191e+00,1.963987634683508343e+00,3.963987634683508343e+00
-8.070981912697337890e+00,-1.634440821191780913e+00,1.494647572087281162e+01,-1.445826734264622715e+00,2.022787653231620020e+00,4.022787653231619132e+00
-6.534910683397565201e+00,-1.752317208716228869e+00,1.504849779464236192e+01,4.619976982910458108e-01,2.023351253213390599e+00,4.023351253213390599e+00
-5.047310031034234257e+00,-1.800903059927400740e+00,1.494896971593465196e+01,1.664637473737461626e+00,2.007452790165085155e+00,4.007452790165086043e+00
-3.674528281253751860e+00,-1.798699866793068036e+00,1.470561144883096638e+01,2.521412002305448929e+00,1.958127000934412276e+00,3.958127000934412720e+00
-2.290511733481096712e+00,-1.402534430048308467e+00,1.405648461271655769e+01,4.871643587224691707e+00,1.961330757848563477e+00,3.961330757848563699e+00
-8.754030780271223611e-01,-5.763764251960110663e-01,1.274298731378033800e+01,7.885082017078461902e+00,2.011461821595187605e+00,4.011461821595187160e+00
4.405694696354302553e-01,4.032869302698259828e-01,1.141688745327273580e+01,9.884663609326509004e+00,2.036687372713160027e+00,4.036687372713159583e+00
1.343943240185615062e+00,1.201451752484881785e+00,9.974496528861987343e+00,1.101061572085387219e+01,1.930563490007007665e+00,3.930563490007007665e+00
2.425127058273167879e+00,2.520023924288883332e+00,8.502440025574085070e+00,1.240473506657278691e+01,2.028486974140370602e+00,4.028486974140371046e+00
3.166200321410072238e+00,3.833054409113456185e+00,6.475466198363776016e+00,1.357731169415950845e+01,2.006511247275019283e+00,4.006511247275018839e+00
3.595484528740826136e+00,5.174719752632724656e+00,3.915711831318738234e+00,1.443760454606573873e+01,1.971366196299183304e+00,3.971366196299182860e+00
3.695763719977417594e+00,6.506540681718407271e+00,8.608980253574656238e-01,1.478910960308199130e+01,1.924484165017899429e+00,3.924484165017899429e+00
4.101564824681224408e+00,8.131962393170333314e+00,9.370906307316576589e-01,1.492384732881855314e+01,2.018692528606081282e+00,4.018692528606081282e+00
3.778268967441766879e+00,9.529802980971654236e+00,-2.884680906640000764e+00,1.459469155406471508e+01,1.952089597936532250e+00,3.952089597936532250e+00
3.351608255427762195e+00,1.092439813282650896e+01,-5.250594412833780034e+00,1.389233459578607999e+01,1.947486011919553173e+00,3.947486011919552951e+00
2.754273387181815025e+00,1.226748318057136622e+01,-7.173275719564541575e+00,1.299308679798489763e+01,1.944769828898838648e+00,3.944769828898838870e+00
2.013049847676884774e+00,1.355485349119930483e+01,-8.690456168517643576e+00,1.203625293179933919e+01,1.949891931850412430e+00,3.949891931850412430e+00
1.370131879460827484e+00,1.497342845738535644e+01,-8.634600829676411848e+00,1.210932427599908046e+01,2.013862086382672612e+00,4.013862086382673056e+00
1.902412562501518134e-01,1.593745210450278016e+01,-1.134594642547416043e+01,9.631258483760694489e+00,1.982906328593890377e+00,3.982906328593890599e+00
-8.970924231310621888e-01,1.694552499843383586e+01,-1.209871787315891645e+01,8.665760828102536451e+00,2.027674533294177905e+00,4.027674533294177905e+00
-2.468804975780254818e+00,1.734492108813232392e+01,-1.424246940231573255e+01,4.435720900047287252e+00,1.967738119469608193e+00,3.967738119469608193e+00
-3.766399236842162157e+00,1.795813401942543308e+01,-1.436593641393775656e+01,3.863245179236000748e+00,2.024933771270234661e+00,4.024933771270235106e+00
-5.312409505528092879e+00,1.805688773523498014e+01,-1.489871029258951118e+01,6.630951034834018376e-01,1.992678903533335433e+00,3.992678903533335433e+00
-6.742868687203134925e+00,1.815015974333353199e+01,-1.484686622484145602e+01,-8.312086932565057040e-01,2.024989464787214200e+00,4.024989464787214644e+00
-8.214102031749316524e+00,1.790132001294630015e+01,-1.449894528022015017e+01,-3.314030362475749669e+00,2.018145091758929421e+00,4.018145091758928977e+00
-9.686205501481751412e+00,1.733463234028688760e+01,-1.367384109349241506e+01,-6.019095411520612338e+00,1.992400764497053389e+00,3.992400764497053611e+00
-1.109072821589558089e+01,1.656609714369084330e+01,-1.261741080834739215e+01,-8.162241637682040363e+00,1.971935545671597456e+00,3.971935545671597456e+00
-1.234182246164536600e+01,1.569767843529922224e+01,-1.148050426321979600e+01,-9.726929382740609142e+00,1.980068851742542657e+00,3.980068851742542879e+00
-1.335907447828766692e+01,1.475479458348358364e+01,-1.000559977639207077e+01,-1.111207729556471691e+01,2.017979339507778302e+00,4.017979339507777858e+00
-1.430511383910318202e+01,1.354448588373993623e+01,-8.286873955646779422e+00,-1.248870281927793791e+01,1.992341282587309470e+00,3.992341282587309692e+00
-1.502422967542445065e+01,1.223804706845209544e+01,-6.270927220835409877e+00,-1.360695153122072298e+01,1.998178934771730475e+00,3.998178934771730475e+00
-1.525344712716730911e+01,1.101329846608284768e+01,-3.001671655960061802e+00,-1.444313171383107708e+01,2.085980317317135402e+00,4.085980317317134514e+00
-1.578055312384245212e+01,9.464730097612287452e+00,-2.492745281515531097e+00,-1.466875974371384039e+01,1.995301330822641050e+00,3.995301330822640828e+00
-1.584167875591563224e+01,7.979388213286276788e+00,1.178033962365709203e-01,-1.487583592936542765e+01,2.017666868944548053e+00,4.017666868944548497e+00
-1.542242602627183956e+01,6.642212158094429775e+00,3.936367275004655664e+00,-1.423056932376567829e+01,2.080803515318581542e+00,4.080803515318581987e+00
-1.539116142397226916e+01,5.016318422288858159e+00,3.429577020443589142e+00,-1.445775880609631692e+01,1.991836598490576149e+00,3.991836598490576371e+00
-1.500416229221923814e+01,3.497765127090932680e+00,5.023574781678077805e+00,-1.405362006224559046e+01,1.971015285767687475e+00,3.971015285767687697e+00
-1.423777303535674221e+01,2.166792121015530981e+00,7.746263999792915911e+00,-1.278822096137283992e+01,1.977135857786660900e+00,3.977135857786660900e+00
-1.321513012891095151e+01,1.031568102926188502e+00,1.025103304865099929e+01,-1.089662481543442141e+01,1.987138731364121336e+00,3.987138731364121558e+00
-1.207984575508955416e+01,3.496270398954241798e-02,1.187919801762420846e+01,-9.111510674677674615e+00,1.983971174310769747e+00,3.983971174310769747e+00
-1.076046736096635570e+01,-7.215236361072032700e-01,1.335653346904106442e+01,-6.792742944268298722e+00,1.996723329571160388e+00,3.996723329571160388e+00
-9.016967557392698396e+00,-8.516280301468587277e-01,1.499018737466690077e+01,-1.700082590299874852e+00,2.097126002960219449e+00,4.097126002960219004e+00
-7.696315745900509597e+00,-1.478343800536195074e+00,1.481272873427893444e+01,-2.472201473840951902e+00,2.024514281186939435e+00,4.024514281186939435e+00
-6.124051737773786641e+00,-1.540195212168149475e+00,1.507452672212444078e+01,2.305247626382709580e-01,2.071426920733026034e+00,4.071426920733025590e+00
-4.703070400609695056e+00,-1.683931083882142410e+00,1.496456051715074764e+01,1.023776844852581025e+00,2.027424978133068212e+00,4.027424978133068656e+00
-3.357213502814560879e+00,-1.666198419865412950e+00,1.469516029322330830e+01,2.238263601861310903e+00,1.982286578661346832e+00,3.982286578661347054e+00
-1.923692826776733034e+00,-1.110672269661393985e+00,1.385261659936823264e+01,5.462573352236152147e+00,2.018093556292401836e+00,4.018093556292402724e+00
-5.325685903964103574e-01,-2.838556912786615039e-01,1.256138749123570264e+01,8.169306829508766299e+00,2.050922978842238287e+00,4.050922978842238287e+00
6.725837787899341391e-01,5.772881846020715413e-01,1.134687894337663217e+01,9.770992787307898553e+00,2.030995635995689330e+00,4.030995635995688886e+00
1.699874702022977857e+00,1.568975640258050364e+00,9.830171048134220158e+00,1.122329706903506619e+01,2.010539255167509420e+00,4.010539255167508976e+00
2.426699020999289136e+00,2.604403300643523878e+00,7.771347307905251078e+00,1.251670919650707070e+01,1.951285749793213675e+00,3.951285749793213675e+00
3.213997986719586919e+00,3.960841281295730543e+00,6.178143745727659564e+00,1.346410632371048166e+01,2.007778623698719844e+00,4.007778623698719400e+00
3.428073651296639657e+00,5.185769363140604327e+00,2.879723480901149379e+00,1.430748463179117458e+01,1.911854572112272610e+00,3.911854572112272610e+00
4.057995066306742338e+00,6.798178131938062307e+00,2.956500624164620561e+00,1.450289492520715307e+01,2.031043597781557519e+00,4.031043597781557963e+00
4.242481798340962840e+00,8.374913123342190957e+00,7.550380622992595159e-01,1.487189962755992489e+01,2.032766504708829913e+00,4.032766504708829913e+00
3.919194913222570076e+00,9.812124884104536093e+00,-2.956931010728724107e+00,1.454745075191556580e+01,1.983877090675459254e+00,3.983877090675459254e+00
3.591182699896825703e+00,1.129379767001387158e+01,-4.680876837164180237e+00,1.412218099654400127e+01,2.006188133857466749e+00,4.006188133857467193e+00
3.268201453414255830e+00,1.286076711705019804e+01,-5.229498248244278891e+00,1.401601460490577011e+01,2.060344882373299047e+00,4.060344882373298603e+00
2.301350522082511674e+00,1.404957178931704220e+01,-8.921955637363025104e+00,1.199309628105508096e+01,2.009927014775132026e+00,4.009927014775132470e+00
1.240008777158674746e+00,1.512052775909561575e+01,-1.101184063200950547e+01,1.011034149534391524e+01,2.000946081802647658e+00,4.000946081802648102e+00
2.324211748972220271e-01,1.622689192762482335e+01,-1.162468849049518838e+01,9.402543400979682886e+00,2.035089337986717428e+00,4.035089337986716984e+00
-1.094816490329606706e+00,1.696826784523572229e+01,-1.328291147946362472e+01,6.891841205980528073e+00,2.012210070799462347e+00,4.012210070799461903e+00
-2.292372095777705177e+00,1.780164292294956496e+01,-1.352185635772035788e+01,6.318758026485681967e+00,2.063773350832476705e+00,4.063773350832476261e+00
-3.722853607435640644e+00,1.821927346377838575e+01,-1.445612546134755938e+01,3.687834832334885959e+00,2.056068838647878483e+00,4.056068838647878039e+00
-5.343272617286411119e+00,1.818000847614846194e+01,-1.498192684886188353e+01,-2.491130495858694116e-01,2.011083062319536374e+00,4.011083062319536374e+00
-6.814019695511531083e+00,1.817814168705146471e+01,-1.485914635249655547e+01,-1.814032775635835870e+00,2.035743826625374009e+00,4.035743826625373565e+00
-8.450675593835763166e+00,1.761777390282266609e+01,-1.417531633877321262e+01,-5.313747400337047289e+00,1.960946788305484301e+00,3.960946788305484301e+00
-9.879467633071332244e+00,1.718329419799138691e+01,-1.369307691570689656e+01,-6.424234089846721396e+00,1.993440496525510808e+00,3.993440496525510586e+00
-1.133721072136680164e+01,1.634489595179594090e+01,-1.263530220648135050e+01,-8.564382388856566664e+00,1.941498878733917577e+00,3.941498878733917799e+00
-1.256509243692320332e+01,1.549791270279041377e+01,-1.154812720850970820e+01,-9.941640757091526837e+00,1.969108633406370767e+00,3.969108633406371212e+00
-1.355216453424168677e+01,1.455360532572601961e+01,-9.989661502120025460e+00,-1.133577020667255297e+01,2.009871772269587353e+00,4.009871772269588241e+00
-1.458369027131723428e+01,1.323143136016610555e+01,-8.380915512119665678e+00,-1.273895017793590512e+01,1.939247774268197499e+00,3.939247774268197944e+00
-1.540974066901262063e+01,1.180762407655917556e+01,-6.598479482471163671e+00,-1.386033894535468391e+01,1.917824764387525915e+00,3.917824764387526137e+00
-1.572106853783125402e+01,1.048234723760952569e+01,-3.453937099316826576e+00,-1.479219273796617884e+01,1.992779917357337727e+00,3.992779917357337283e+00
-1.589922934936695853e+01,9.074037112907188174e+00,-9.591891514955708242e-01,-1.507700072187627427e+01,1.999501362035972063e+00,3.999501362035972285e+00
-1.568434126695813724e+01,7.749483933150600912e+00,2.403160543521516423e+00,-1.475508800485039629e+01,2.053333435288108078e+00,4.053333435288107189e+00
-1.558582090308219215e+01,6.277150807962590839e+00,3.352471131285446937e+00,-1.455353319340647644e+01,2.019496465450318912e+00,4.019496465450318468e+00
-1.518243207836160380e+01,4.877722265786046840e+00,5.346295619054505011e+00,-1.391409462163628774e+01,2.029139724174405579e+00,4.029139724174404691e+00
-1.453415158234487237e+01,3.568402727677707720e+00,7.488369334412926293e+00,-1.286039262280606899e+01,2.041367104105021202e+00,4.041367104105020758e+00
-1.397969442262304973e+01,2.130660289126724116e+00,7.750468183585796034e+00,-1.273436341407058237e+01,1.988706064390660888e+00,3.988706064390660888e+00
-1.306632356463210698e+01,9.339110774514468583e-01,9.690662539082492088e+00,-1.134444721583375681e+01,1.988123174898440038e+00,3.988123174898440038e+00
-1.192335476755968138e+01,-5.252076489120649505e-02,1.164044778892029619e+01,-9.344253112945567707e+00,1.990915025355515455e+00,3.990915025355515677e+00
-1.055796019508196082e+01,-7.530180748383956679e-01,1.340876157908155264e+01,-6.588884539138433638e+00,2.011037573121397415e+00,4.011037573121397415e+00
-9.189496935507044384e+00,-1.355811011148507106e+00,1.417080882613092108e+01,-4.749036030823665655e+00,2.002357245147209142e+00,4.002357245147209142e+00
-7.741570945662707537e+00,-1.744557797838181878e+00,1.470836219102428011e+01,-2.683527708306030934e+00,2.002006765753963524e+00,4.002006765753963968e+00
-6.281125364135024647e+00,-1.961435892429938876e+00,1.491721785390935828e+01,-7.959667920321051859e-01,1.991383727365578116e+00,3.991383727365577894e+00
-4.672763088365735840e+00,-1.705433463921026460e+00,1.479400086547196658e+01,2.653964463276687447e+00,2.038843978097031329e+00,4.038843978097030885e+00
-3.317599587139619111e+00,-1.663988472911189787e+00,1.454822883338997563e+01,3.240268362663754953e+00,1.966978963859216556e+00,3.966978963859216112e+00
-1.776898296337787730e+00,-9.156225949550378385e-01,1.346370929702652752e+01,6.763855415704465912e+00,2.050890640629986272e+00,4.050890640629986272e+00
-5.210791516739724516e-01,-3.460109870372939378e-01,1.269125702711116332e+01,7.934650460431993402e+00,1.990102813179468022e+00,3.990102813179468022e+00
5.330680143246584457e-01,3.444299627215833270e-01,1.146762133493263214e+01,9.316546177150005548e+00,1.933214283152673740e+00,3.933214283152673740e+00
1.486509822441271611e+00,1.321529656461791324e+00,9.688142743329544615e+00,1.103020436607627630e+01,1.928650161249228168e+00,3.928650161249228390e+00
2.625770687715454965e+00,2.783588908906992732e+00,8.214991905160987429e+00,1.255034994595203734e+01,2.055925989771441476e+00,4.055925989771441920e+00
3.460387691489091644e+00,4.238386426553321762e+00,6.453532849866768117e+00,1.370396123830666113e+01,2.061608589264262381e+00,4.061608589264262825e+00
3.908845197109850123e+00,5.665673344222872387e+00,3.877203895158757074e+00,1.462185876328210199e+01,2.024655719086388306e+00,4.024655719086387862e+00
4.164686630584141902e+00,7.150596239288691258e+00,1.538401506953605891e+00,1.504383755619088703e+01,2.023113409118138417e+00,4.023113409118138861e+00
4.015382224993722105e+00,8.551258232084611777e+00,-1.741928426490457538e+00,1.491858035958985518e+01,1.977784298727472079e+00,3.977784298727471857e+00
3.827722253537172215e+00,1.000914980352063566e+01,-3.510799780666053582e+00,1.458242441400723166e+01,1.989969639534433732e+00,3.989969639534433732e+00
3.421108000670685545e+00,1.142742912128791843e+01,-5.433544564337007721e+00,1.396149544524497799e+01,1.988291441852195307e+00,3.988291441852195529e+00
2.918174218863746283e+00,1.285544909816955972e+01,-6.693007086320845289e+00,1.341735038192999596e+01,2.009851250378906329e+00,4.009851250378906329e+00
2.244080031692579524e+00,1.422220378880407310e+01,-8.051064485490782019e+00,1.267303791658573431e+01,2.031974123320846370e+00,4.031974123320845926e+00
9.935907741728315923e-01,1.514645086787044015e+01,-1.151590134742688498e+01,9.599931015019150138e+00,1.969691217036680486e+00,3.969691217036680264e+00
2.332772296266483192e-02,1.627665219307674960e+01,-1.172038267276840706e+01,9.335226949058659685e+00,2.025135077446672760e+00,4.025135077446672760e+00
-1.067284499124362185e+00,1.727426550205152012e+01,-1.231823916763189430e+01,8.487959581341959492e+00,2.061072682007243806e+00,4.061072682007243806e+00
-2.541956166095388880e+00,1.775230967770056978e+01,-1.411659427756450924e+01,4.987626732987185285e+00,2.025726494900308872e+00,4.025726494900308872e+00
-3.960859025125746946e+00,1.816135277298137751e+01,-1.466336076999599314e+01,2.953363129507923457e+00,2.042989069894664222e+00,4.042989069894664667e+00
-5.382974084442517793e+00,1.841259776008886817e+01,-1.487496446577931941e+01,1.147421649516496833e+00,2.065037162097276724e+00,4.065037162097277168e+00
-6.988809441949026535e+00,1.812808804751396607e+01,-1.476678073030591953e+01,-2.648228897833942330e+00,2.013778969767139770e+00,4.013778969767139770e+00
-8.610183741451360007e+00,1.756036387945008670e+01,-1.403959136095388693e+01,-5.729401089966018823e+00,1.959518273138006972e+00,3.959518273138007416e+00
-1.011701854241415788e+01,1.696477038613165078e+01,-1.342908901579767011e+01,-7.231292440308084934e+00,1.952262022036513889e+00,3.952262022036514111e+00
-1.135581851637210349e+01,1.645891859273028857e+01,-1.279402005093008121e+01,-8.003319540464346460e+00,2.025392525574385427e+00,4.025392525574384983e+00
-1.243150994150831501e+01,1.573633081105779752e+01,-1.153075174946839354e+01,-9.461115550341466118e+00,2.063311482511735573e+00,4.063311482511735129e+00
-1.353354289208603589e+01,1.458055300175155367e+01,-9.754612556191114336e+00,-1.139571392676972295e+01,2.004191015153372391e+00,4.004191015153372391e+00
-1.446000393072693413e+01,1.330216401542235083e+01,-7.935765227370938035e+00,-1.280671748313867830e+01,1.989999449070512849e+00,3.989999449070512849e+00
-1.531182987503071224e+01,1.183426704706482901e+01,-6.388124169319985945e+00,-1.382137417989511441e+01,1.942731627456793175e+00,3.942731627456792953e+00
-1.581434095209507085e+01,1.036483275858556397e+01,-4.054964104272764658e+00,-1.470110611223933539e+01,1.958374371325754870e+00,3.958374371325755092e+00
-1.569956249958750050e+01,9.067267856787085023e+00,1.501702323146580920e-01,-1.500859855563568601e+01,2.062236145072445126e+00,4.062236145072444238e+00
-1.572176394062863913e+01,7.615961138306733602e+00,1.681582852360311353e+00,-1.488313620132788095e+01,2.031577553260974334e+00,4.031577553260973446e+00
-1.569038027910981725e+01,6.069003362428516013e+00,2.555233309505123618e+00,-1.479169829381079104e+01,1.994935550751289144e+00,3.994935550751288922e+00
-1.562162146218790504e+01,4.419019462347167249e+00,2.940395509178796107e+00,-1.482174054757654602e+01,1.932262248448894937e+00,3.932262248448894937e+00
-1.517420803642618665e+01,2.893720084080272592e+00,5.125456101675557541e+00,-1.428560547047195506e+01,1.912247607771403235e+00,3.912247607771403235e+00
-1.396773309067704183e+01,1.835794887797154162e+00,1.006709761279253001e+01,-1.125567543320249797e+01,1.997436806324891734e+00,3.997436806324891734e+00
-1.300982123082544462e+01,6.978759636697748903e-01,1.111086090177316521e+01,-1.022108026545345716e+01,1.965230248681606007e+00,3.965230248681606451e+00
-1.163014947800190946e+01,-1.961176182630253173e-02,1.336667469523362506e+01,-7.022248673631419358e+00,2.019288848843753925e+00,4.019288848843754813e+00
-1.036098526127491937e+01,-7.966383608692138019e-01,1.388108227283061247e+01,-5.908474008899382568e+00,2.003836112407875625e+00,4.003836112407875625e+00
-9.020653130725067470e+00,-1.431598970384754477e+00,1.433949665257465078e+01,-4.611001354939554986e+00,1.993549429427651010e+00,3.993549429427651010e+00
-7.482594825720412679e+00,-1.663398573480117104e+00,1.500322957590313955e+01,-1.685333061802479326e+00,2.026532869786274116e+00,4.026532869786274560e+00
-5.916987742595853916e+00,-1.689466050203115133e+00,1.512195085260587213e+01,8.029810822309977336e-01,2.045737274143842654e+00,4.045737274143842654e+00
-4.551079648272804867e+00,-1.876356499854467286e+00,1.497177818788951598e+01,1.101584882803285925e+00,1.977068902511590398e+00,3.977068902511590398e+00
-2.986697556437559520e+00,-1.369946725100415819e+00,1.435665546254354830e+01,4.719681639248946681e+00,2.044550134579063982e+00,4.044550134579063538e+00
-1.677870152673471171e+00,-1.025796190196975211e+00,1.380140442197165385e+01,5.838593584369236034e+00,1.981610474594335036e+00,3.981610474594335258e+00
-3.705925058934135263e-01,-2.771860732974485431e-01,1.259938781570491528e+01,8.120896906749749178e+00,2.002115595654965219e+00,4.002115595654966107e+00
8.451744058971782936e-01,6.979030055393994347e-01,1.112143871944230611e+01,1.012075206911169012e+01,2.020668419159485030e+00,4.020668419159485474e+00
1.662137980391872549e+00,1.549787875079898569e+00,9.378389957578264102e+00,1.141569440405910463e+01,1.920761428491726042e+00,3.920761428491725820e+00
2.789669552950773124e+00,3.007903847325052560e+00,8.090699138861861428e+00,1.272194632965649319e+01,2.065240698398695951e+00,4.065240698398696395e+00
3.503014724478038744e+00,4.399214634059908313e+00,6.001430581773253614e+00,1.388068529760220393e+01,2.040456252886279298e+00,4.040456252886279742e+00
3.639565078338028226e+00,5.649194896809894395e+00,2.353894627085845404e+00,1.468876137368324031e+01,1.933417869340071649e+00,3.933417869340071871e+00
3.875743720088033140e+00,7.088523595413684930e+00,6.941393843906330519e-01,1.484301980490765160e+01,1.965673513588781729e+00,3.965673513588781951e+00
4.149941363121646631e+00,8.698828916988839310e+00,1.840796134507340642e-01,1.496557351072182485e+01,2.027469455625435124e+00,4.027469455625435124e+00
3.709472568737922860e+00,1.006646500024925750e+01,-3.863826121476924946e+00,1.436964750967445248e+01,1.956040515324008799e+00,3.956040515324009021e+00
3.243255812725591714e+00,1.145590693840118846e+01,-5.896424595848979600e+00,1.364508563845495814e+01,1.961303067570314029e+00,3.961303067570313807e+00
2.603047191379374681e+00,1.278826812990775963e+01,-7.655997120173111625e+00,1.273723168378691284e+01,1.961988673204125622e+00,3.961988673204125622e+00
1.677099248954327715e+00,1.394176461642664577e+01,-9.852724639056718914e+00,1.111199489412081221e+01,1.939769082446887616e+00,3.939769082446887616e+00
7.896677192149370583e-01,1.514456328380150829e+01,-1.052982136453974071e+01,1.047988940475715580e+01,1.969512042599165236e+00,3.969512042599165458e+00
-2.843640643336569074e-01,1.617759883697351242e+01,-1.167402533651303287e+01,9.195154249161655358e+00,1.981566451114490368e+00,3.981566451114490146e+00
-1.349756866840134961e+00,1.719910165366169252e+01,-1.212387676808816295e+01,8.561374237682825239e+00,2.032092834973064921e+00,4.032092834973064477e+00
-2.827256282251418007e+00,1.766977516874313636e+01,-1.399134684744371526e+01,5.001720836231762668e+00,1.997810889336373963e+00,3.997810889336374185e+00
-4.297829877604844917e+00,1.799119500250624171e+01,-1.466535776155013693e+01,2.441282033773398030e+00,2.001269305114451669e+00,4.001269305114451669e+00
-5.835355844345867737e+00,1.803584266240538625e+01,-1.489828485575206685e+01,-3.060012649670141305e-01,1.987746168716908013e+00,3.987746168716908013e+00
-7.211913041485312093e+00,1.815327620981119594e+01,-1.476461416403865634e+01,-1.180074658530314791e+00,2.042815566351057655e+00,4.042815566351057655e+00
-8.577580303711942022e+00,1.798404463967367306e+01,-1.440241384807193903e+01,-3.073940423462737215e+00,2.066331812732776108e+00,4.066331812732776108e+00
-1.009060322138477517e+01,1.718139246209281623e+01,-1.316858528308122978e+01,-6.942143222356164323e+00,1.987806449524908148e+00,3.987806449524908370e+00
-1.144746475295030841e+01,1.635814214619796303e+01,-1.208395862897273254e+01,-8.834501053349798738e+00,1.983670615326440734e+00,3.983670615326440956e+00
-1.257359867218628402e+01,1.553096350193367492e+01,-1.093622065222245787e+01,-1.010794660588643801e+01,2.028528099666290441e+00,4.028528099666290885e+00
-1.364999942911933495e+01,1.440396873469412853e+01,-9.412275807857959364e+00,-1.161548671470127658e+01,1.999501469633483630e+00,3.999501469633484074e+00
-1.450695509734969235e+01,1.317547777891098271e+01,-7.591600130261545232e+00,-1.288359960880130295e+01,2.006705431986524069e+00,4.006705431986524069e+00
-1.501215174013904985e+01,1.193703590864555508e+01,-5.063942225369252093e+00,-1.392657461161314458e+01,2.058972720544132162e+00,4.058972720544131718e+00
-1.556118225493763063e+01,1.046962944874478474e+01,-3.607453115497647023e+00,-1.444837500068438274e+01,2.010752639792936503e+00,4.010752639792936947e+00
-1.588067217323627389e+01,8.940190842504327051e+00,-1.731960037494005178e+00,-1.485365729201742369e+01,1.996199011405910495e+00,3.996199011405910717e+00
-1.582799956095282745e+01,7.457394034244372527e+00,1.098549586969195913e+00,-1.489772382317310573e+01,2.018647898130886187e+00,4.018647898130885743e+00
-1.586208951515163079e+01,5.824956550805471700e+00,1.851668806274311851e+00,-1.493479509204517619e+01,1.958050656252208421e+00,3.958050656252208643e+00
-1.525142374562419079e+01,4.454168093002810025e+00,5.680815538107423457e+00,-1.389407692538967609e+01,2.009903989680602798e+00,4.009903989680602798e+00
-1.446770516664224715e+01,3.192876997106468995e+00,8.341396055326624648e+00,-1.244694438958842042e+01,2.028088046282549683e+00,4.028088046282549683e+00
-1.371272171082452118e+01,1.895212636813029539e+00,9.289252125063061527e+00,-1.176430328145922921e+01,2.001924591795167352e+00,4.001924591795167352e+00
-1.246782696231621124e+01,1.006355604449072016e+00,1.204753752497104280e+01,-8.905235101908360207e+00,2.058303946206945234e+00,4.058303946206945234e+00
-1.138255698594554666e+01,-3.955087063712753315e-03,1.250024326591192114e+01,-8.234905889937433443e+00,2.027221229424874593e+00,4.027221229424874593e+00
-9.918704955622899888e+00,-5.436333370764657724e-01,1.412584987770593159e+01,-5.053280638944723790e+00,2.078664634332314520e+00,4.078664634332314520e+00
-8.748231832749956638e+00,-1.412925071572028068e+00,1.383647513549816033e+01,-5.585593094170251405e+00,2.000968905615262194e+00,4.000968905615262194e+00
-7.325519430249396891e+00,-1.790322508008895364e+00,1.456848982079089083e+01,-3.149036088421784729e+00,2.011389740106648727e+00,4.011389740106649171e+00
-6.000151510147376577e+00,-2.156912983133817185e+00,1.467279131151089544e+01,-1.988356606140820881e+00,1.958142246787927254e+00,3.958142246787927032e+00
-4.517918304685054842e+00,-2.020826927620811286e+00,1.473375668663425664e+01,1.329963367708774324e+00,1.974167106742067856e+00,3.974167106742067634e+00
-3.121687151137416905e+00,-1.743126792185948570e+00,1.427514115731751154e+01,3.692969574295466018e+00,1.953992119013631124e+00,3.953992119013631346e+00
-1.729567195970850957e+00,-1.132208864896783407e+00,1.330051029882577218e+01,6.425272211576267267e+00,1.969860154991967871e+00,3.969860154991967871e+00
-4.957984675641232686e-01,-4.453740096839555740e-01,1.221877626505489189e+01,8.210746016878216480e+00,1.943503572651073208e+00,3.943503572651072986e+00
6.860476536595156993e-01,5.311414897606708818e-01,1.074248995983108657e+01,1.013646750436463861e+01,1.964298798932160972e+00,3.964298798932160750e+00
1.726400315533312302e+00,1.658774546460993538e+00,9.153248677830911006e+00,1.165293975618985733e+01,1.971309956001822572e+00,3.971309956001822350e+00
2.692005543132645951e+00,2.997155865334200087e+00,7.620429993412733971e+00,1.287164990446481916e+01,2.010393891660143151e+00,4.010393891660142707e+00
3.140354854779675797e+00,4.218953150287968690e+00,4.850228791521197458e+00,1.397069409578923427e+01,1.923069025803307408e+00,3.923069025803306964e+00
3.913229346033506140e+00,5.827358220357239382e+00,4.486061527893060230e+00,1.434715149885237473e+01,2.041294222114989676e+00,4.041294222114990120e+00
3.951961907044240885e+00,7.246045905899669570e+00,8.039629038370205150e-01,1.491527613489205706e+01,1.961952274979639643e+00,3.961952274979639643e+00
3.964906828206272493e+00,8.755193243865170061e+00,-1.216850522920388533e+00,1.490373205352779706e+01,1.980376048238797315e+00,3.980376048238797537e+00
3.579366361817720055e+00,1.014714043247562003e+01,-4.293592150083729742e+00,1.426553077242123813e+01,1.945445141935735256e+00,3.945445141935735478e+00
3.421406973470589641e+00,1.174652377536184211e+01,-4.268374702052527780e+00,1.435205180134051339e+01,2.016150748140149052e+00,4.016150748140149496e+00
2.853757880347382425e+00,1.317450319480091459e+01,-6.415630697059638621e+00,1.356628955906213818e+01,2.018973042795500827e+00,4.018973042795501271e+00
1.848158953388338910e+00,1.432422149027461522e+01,-9.652096157106990759e+00,1.147359084998505807e+01,1.983617979090733563e+00,3.983617979090733563e+00
6.086492079947762868e-01,1.522475861314530299e+01,-1.215722794032014598e+01,8.759031053528286037e+00,1.946339885190242702e+00,3.946339885190242924e+00
-1.584180405923163448e-01,1.659322894325117304e+01,-1.090724279083891268e+01,1.021546058765009768e+01,2.058906684971240519e+00,4.058906684971240075e+00
-1.645503104365095615e+00,1.712896961985289579e+01,-1.364429094351842053e+01,6.143319565559860251e+00,1.985911856304574563e+00,3.985911856304574563e+00
-3.020215468949715820e+00,1.768166759346547323e+01,-1.433164689630122091e+01,4.276663922139511520e+00,2.003340084387914555e+00,4.003340084387914999e+00
-4.467036167352186560e+00,1.802106306992579832e+01,-1.478787970692354747e+01,2.199696639572771062e+00,2.007628277586566590e+00,4.007628277586566590e+00
-5.965544580414405829e+00,1.811022352234268240e+01,-1.495504755136501629e+01,-1.499263877334184036e-01,2.004424186863719815e+00,4.004424186863720259e+00
-7.549886111124227916e+00,1.782130209033511647e+01,-1.468226419269092098e+01,-3.252609575412227283e+00,1.966945613891063482e+00,3.966945613891063260e+00
-8.940093643873264995e+00,1.763074614162004750e+01,-1.433159327315077292e+01,-4.280425323569177820e+00,2.016379470660187412e+00,4.016379470660187856e+00
-1.032318761996391565e+01,1.708464432692141344e+01,-1.349274556716941831e+01,-6.439605464874003538e+00,2.007411775019936506e+00,4.007411775019937394e+00
-1.166840307830926271e+01,1.623129496864150667e+01,-1.221524390409807204e+01,-8.754594605190858303e+00,1.976880612215548894e+00,3.976880612215548894e+00
-1.277619478217449789e+01,1.536593620675455441e+01,-1.089123553989877458e+01,-1.024395777296595433e+01,2.015915908931984468e+00,4.015915908931984468e+00
-1.369420485057515968e+01,1.434930639831446442e+01,-9.142846133470516889e+00,-1.170126044689567557e+01,2.042560978635685753e+00,4.042560978635685309e+00
-1.448504890383905597e+01,1.313425183925128614e+01,-7.197105233065572705e+00,-1.295633644715239541e+01,2.037676070247439242e+00,4.037676070247439242e+00
-1.504603220084440451e+01,1.183141121829297226e+01,-4.970930053099273493e+00,-1.390638053481889891e+01,2.053106860373457465e+00,4.053106860373457465e+00
-1.568915798352871072e+01,1.028160657823991286e+01,-3.955867161377457641e+00,-1.439964221573286629e+01,1.981522251755411634e+00,3.981522251755411634e+00
-1.619322926165592946e+01,8.608429404404738250e+00,-2.780656413469302812e+00,-1.488325876336584841e+01,1.924066890968666454e+00,3.924066890968666677e+00
-1.617388284759579875e+01,7.037123709156772655e+00,4.281772478085406064e-01,-1.516987739505949051e+01,1.949694248097620486e+00,3.949694248097620708e+00
-1.552766525803890652e+01,5.730988507812433852e+00,5.291589327225026729e+00,-1.405779867797332194e+01,2.040661439334512384e+00,4.040661439334511940e+00
-1.483959129928440568e+01,4.489528590206493419e+00,7.871856716074203675e+00,-1.270377218387147522e+01,2.062094955473014135e+00,4.062094955473013691e+00
-1.438916860672409292e+01,3.022675562215141998e+00,7.546503566365011295e+00,-1.289961466516870026e+01,2.004084047361305299e+00,4.004084047361305743e+00
-1.367778468876595710e+01,1.694644571584885240e+00,8.638795104081845366e+00,-1.219633286644425141e+01,1.988429065837119980e+00,3.988429065837120202e+00
-1.264541059351932795e+01,6.097158715679343866e-01,1.071891194193474028e+01,-1.041547991594321765e+01,1.997587313731896907e+00,3.997587313731896685e+00
-1.164740041453842245e+01,-4.984988129958407566e-01,1.141927730974251354e+01,-9.636848183602431561e+00,1.953129666562585243e+00,3.953129666562585243e+00
-1.021774434573727852e+01,-1.110922904079227891e+00,1.357878341417010226e+01,-6.261645831509364157e+00,1.990527387012811733e+00,3.990527387012812177e+00
-8.722977941603232921e+00,-1.510192955828474126e+00,1.459900284335990328e+01,-3.351099279724603974e+00,2.007567126923814005e+00,4.007567126923813561e+00
-7.246258005590030749e+00,-1.803035001388585856e+00,1.492002425088886675e+01,-1.445017726110035650e+00,2.003184310163481641e+00,4.003184310163481641e+00
-5.664171227794073893e+00,-1.756569321101947301e+00,1.499828755391010482e+01,1.295041255784085799e+00,2.033735075699701245e+00,4.033735075699701689e+00
-4.294635826688864455e+00,-1.884458329957790168e+00,1.483732322013368155e+01,1.665900315415256072e+00,1.965173492409907352e+00,3.965173492409907574e+00
-2.823281241535735564e+00,-1.482966624949881185e+00,1.427301097612317449e+01,4.460445243797392934e+00,1.995227003320494408e+00,3.995227003320493964e+00
-1.451793117904424779e+00,-9.231864365112731896e-01,1.340680340466049358e+01,6.598226350674089247e+00,1.988955704622914045e+00,3.988955704622914045e+00
-8.877377154404961224e-02,-1.544642530606196718e-02,1.206448573044820272e+01,9.005900336116201998e+00,2.031031669995590150e+00,4.031031669995590150e+00
1.024221342614567209e+00,8.719661864816321550e-01,1.076728007013908694e+01,1.043170444097820493e+01,1.991332536423205291e+00,3.991332536423205291e+00
2.076167330247872922e+00,2.036462903818169856e+00,9.174645945386542323e+00,1.193126402078817350e+01,2.019395185190555164e+00,4.019395185190555608e+00
2.955227671442227422e+00,3.335380205179030888e+00,7.421478580007030423e+00,1.315582933974041069e+01,2.031112931752616202e+00,4.031112931752615758e+00
3.688696293419778893e+00,4.777231835541841498e+00,5.674115275687518611e+00,1.409623201463443820e+01,2.056187771853013491e+00,4.056187771853013935e+00
3.873910606810061719e+00,6.104541651848504280e+00,2.292542853451083662e+00,1.484864677580331005e+01,1.975770979152274398e+00,3.975770979152274176e+00
4.017776131527342365e+00,7.543892211640311984e+00,1.770319970520869146e-01,1.498140493268881990e+01,1.985838898031258015e+00,3.985838898031257571e+00
3.751717792492739623e+00,8.886344183144002429e+00,-3.049471940424111072e+00,1.454420361947571294e+01,1.936618650373036932e+00,3.936618650373036488e+00
3.785909005951849426e+00,1.048981841575700358e+01,-2.765475693292407833e+00,1.466872617885313268e+01,2.013537656697626410e+00,4.013537656697626410e+00
3.437636537090567934e+00,1.198537265184694967e+01,-4.615509488148806128e+00,1.423301131034035016e+01,2.021641955498047594e+00,4.021641955498047594e+00
2.496731402816886547e+00,1.316219576247674183e+01,-8.591935984529905923e+00,1.218662684839428678e+01,1.959966015056885169e+00,3.959966015056885613e+00
1.585255131185943522e+00,1.432556137754855996e+01,-1.021100382325174394e+01,1.085755384450150629e+01,1.965705505153586996e+00,3.965705505153587218e+00
8.192305551278334930e-01,1.565390601649174229e+01,-1.001061916746318303e+01,1.104626382371083082e+01,2.030272936171231724e+00,4.030272936171232168e+00
-5.562856436319567610e-01,1.638377531931719489e+01,-1.281220392110468431e+01,7.644413582644738803e+00,1.971254766370120981e+00,3.971254766370121203e+00
-2.040554483311582512e+00,1.688603501053997391e+01,-1.426031237365862303e+01,4.500886398017970080e+00,1.937148668602982182e+00,3.937148668602982404e+00
-3.288107264846804156e+00,1.762926032007208121e+01,-1.417745442082550511e+01,4.584876996846478647e+00,1.998155010815957366e+00,3.998155010815957144e+00
-4.655022470926344802e+00,1.807803562874403625e+01,-1.453624895758309243e+01,3.063930919406474995e+00,2.015055986348949002e+00,4.015055986348948558e+00
-6.107183971286318958e+00,1.820747643739661825e+01,-1.481958858675083057e+01,5.891320346550945608e-01,2.018250332615755038e+00,4.018250332615755482e+00
-7.633422069433858148e+00,1.796523504750298628e+01,-1.463414257062302326e+01,-2.610516171113289818e+00,1.996783969273601134e+00,3.996783969273601134e+00
-9.048166817073466817e+00,1.764055551331003358e+01,-1.412048159896752608e+01,-4.564992662962884751e+00,2.016618949143051953e+00,4.016618949143052397e+00
-1.040485012089485650e+01,1.707897144539155576e+01,-1.325468356581666640e+01,-6.647090189092680568e+00,2.020473048503631297e+00,4.020473048503631297e+00
-1.167586199947482761e+01,1.629062280193048196e+01,-1.204865242053155328e+01,-8.660860114599428172e+00,2.016902865224470265e+00,4.016902865224469821e+00
-1.286956158399185846e+01,1.525932991620867796e+01,-1.057615701019171084e+01,-1.051670132674401614e+01,1.993435933448387098e+00,3.993435933448387321e+00
-1.381262450319612256e+01,1.418629160296817204e+01,-8.901373977323240538e+00,-1.190549320556023538e+01,2.024610659932035706e+00,4.024610659932036150e+00
-1.469436434667478864e+01,1.287396188541207742e+01,-7.234318232937106075e+00,-1.307737073618307910e+01,1.991954335601035186e+00,3.991954335601035631e+00
-1.539046701703196085e+01,1.144809913702205151e+01,-5.421243733743936311e+00,-1.401063352247810911e+01,1.975974094187893826e+00,3.975974094187893826e+00
-1.555991577954850058e+01,1.012525807461488547e+01,-2.075405762241472551e+00,-1.471588267528732530e+01,2.054165778714795110e+00,4.054165778714795110e+00
-1.606005073746641543e+01,8.486981511680479429e+00,-1.949149921258825913e+00,-1.490910289969917990e+01,1.951869134289506702e+00,3.951869134289506480e+00
-1.608985615977316641e+01,6.918854425907347228e+00,5.350276918632760337e-01,-1.507990303853833680e+01,1.957593970379325032e+00,3.957593970379325032e+00
-1.589064324181110877e+01,5.364785493694444796e+00,2.884003452653386645e+00,-1.485961412284256333e+01,1.947006109548718555e+00,3.947006109548718555e+00
-1.518741818444939362e+01,4.039600895302049466e+00,6.676686682044447707e+00,-1.352201103494117262e+01,1.995790976177705733e+00,3.995790976177705289e+00
-1.464637069182828810e+01,2.603002438100465277e+00,7.440500292668357218e+00,-1.314742240465958645e+01,1.950247006506976799e+00,3.950247006506976799e+00
-1.363481712743501539e+01,1.481324711267007599e+00,1.020128401960367803e+01,-1.111927568322254700e+01,1.984823706981233560e+00,3.984823706981233560e+00
-1.245619008048502074e+01,5.385586319425604840e-01,1.216868252831451613e+01,-8.908062927700513001e+00,2.006288507638948282e+00,4.006288507638948282e+00
-1.142446389946729646e+01,-5.379715042227690702e-01,1.231524670609309347e+01,-8.655848587461873578e+00,1.958162830935236798e+00,3.958162830935236354e+00
-1.023710770453681462e+01,-1.405261499908164957e+00,1.306794394361242695e+01,-7.405706472663562856e+00,1.935713470393012559e+00,3.935713470393012337e+00
-8.699937574868334522e+00,-1.744748847698422312e+00,1.459878079726318312e+01,-3.628296069939872748e+00,1.978972510142319008e+00,3.978972510142319230e+00
-7.212136769967474770e+00,-1.991818897784004339e+00,1.498709864453826590e+01,-1.340664224037337426e+00,1.975264879114546845e+00,3.975264879114547067e+00
-5.567550471723871297e+00,-1.800949594365623962e+00,1.499348722419765423e+01,2.155180043702340509e+00,2.028598658855333525e+00,4.028598658855333525e+00
-4.170772419809219755e+00,-1.855478696819647499e+00,1.483268315759092992e+01,2.504523967665182482e+00,1.962878926661819179e+00,3.962878926661818735e+00
-2.689967706252528679e+00,-1.422621141375158826e+00,1.421160986304006180e+01,5.024931479339999285e+00,1.993417793439879571e+00,3.993417793439879571e+00
-1.235646901539489528e+00,-7.039068169383693174e-01,1.318273920543769329e+01,7.497246238894638815e+00,2.026573132738950012e+00,4.026573132738950456e+00
1.166952597893060189e-01,1.753504238489549394e-01,1.204286246426146256e+01,9.351054131774551692e+00,2.043232159191115116e+00,4.043232159191115116e+00
1.081465669939128293e+00,9.055004414041967209e-01,1.075013136589587859e+01,1.044814210002087584e+01,1.941075323104969108e+00,3.941075323104969108e+00
2.249331365346253886e+00,2.226514224783592510e+00,9.194854991618907292e+00,1.211593031524660624e+01,2.055633073142002942e+00,4.055633073142003830e+00
2.958786430569642523e+00,3.428943387998761860e+00,6.976466747322050743e+00,1.339711185401400328e+01,1.992281071234675016e+00,3.992281071234675238e+00
3.334061735200799070e+00,4.654260647592465716e+00,4.131795039655779433e+00,1.432106503685255916e+01,1.931872545894623538e+00,3.931872545894623538e+00
3.835535635063739957e+00,6.134027767893664773e+00,2.922240274100309954e+00,1.467899489880853103e+01,1.991575997907416795e+00,3.991575997907417239e+00
3.723903121395960802e+00,7.462465760330526443e+00,-7.720315425915202923e-01,1.478356429151545370e+01,1.912561804999595383e+00,3.912561804999595605e+00
3.999790854016597841e+00,9.102329671439163050e+00,-4.458659880821357890e-01,1.492093913806199090e+01,2.009203847386924924e+00,4.009203847386925368e+00
3.612033781052820913e+00,1.052234379913132933e+01,-3.852020226298265904e+00,1.438975550295648986e+01,1.963773491660491866e+00,3.963773491660492088e+00
3.024114754172799291e+00,1.187487403917252138e+01,-6.485833446997834706e+00,1.338745638642851077e+01,1.950385875600631369e+00,3.950385875600631369e+00
2.073784883783462707e+00,1.299947059881584721e+01,-9.535627469343188167e+00,1.135847129261090949e+01,1.902970041168232429e+00,3.902970041168232207e+00
1.429733879809436337e+00,1.438893174127393770e+01,-9.167534464005829165e+00,1.166904036737151351e+01,1.968839639202117242e+00,3.968839639202117020e+00
3.172897111800224712e-01,1.538778763314393139e+01,-1.131082075874332737e+01,9.614407323251590753e+00,1.940357455042665658e+00,3.940357455042665435e+00
-6.431517064769712855e-01,1.653228233214283094e+01,-1.145716923297913681e+01,9.421989512065911399e+00,2.001082021845231207e+00,4.001082021845230763e+00
-1.969550916868927581e+00,1.723915167375572821e+01,-1.317479146324515504e+01,6.830611793771821816e+00,1.987344067049398255e+00,3.987344067049398255e+00
-3.316929458001835584e+00,1.782097490023507902e+01,-1.400389423653146181e+01,4.874071021342140320e+00,2.008205536612849951e+00,4.008205536612850395e+00
-4.540551790708621915e+00,1.845546306546890492e+01,-1.407005428277861370e+01,4.364787356870875712e+00,2.082770625026530542e+00,4.082770625026530986e+00
-6.257411842520278711e+00,1.814296258034629261e+01,-1.476496536239131530e+01,-1.388924950875394249e+00,1.989045756129980136e+00,3.989045756129980358e+00
-7.758073295983241024e+00,1.790403591948187767e+01,-1.442529256720819930e+01,-3.578469614693458478e+00,1.999441098952847273e+00,3.999441098952847273e+00
-9.309418141766135690e+00,1.732650124123849977e+01,-1.367620420452360364e+01,-6.145027102624290194e+00,1.955823966778483580e+00,3.955823966778483580e+00
-1.073402690831150075e+01,1.669961088652217995e+01,-1.297423895025894147e+01,-7.611894571192538983e+00,1.960287586603206789e+00,3.960287586603207011e+00
-1.194040129966694685e+01,1.604330390498579106e+01,-1.208064485071481009e+01,-8.780252503879442116e+00,2.009574598041412141e+00,4.009574598041412585e+00
-1.298942097732768453e+01,1.517720724954149247e+01,-1.063674876037617700e+01,-1.032777574561027478e+01,2.033354557866836387e+00,4.033354557866836387e+00
-1.416745903623659686e+01,1.382220229154682656e+01,-9.045981338790296533e+00,-1.207253650991457050e+01,1.925904036256234964e+00,3.925904036256235408e+00
-1.457293993709796887e+01,1.316498403817047880e+01,-6.866523092173402176e+00,-1.274583727026863045e+01,1.995035197074551681e+00,3.995035197074551903e+00
-1.463116808269498037e+01,1.275266169417712092e+01,-4.128977345070109273e+00,-1.296915965596176790e+01,2.012903027456224514e+00,4.012903027456223626e+00
-1.447556309711345435e+01,1.250572195733420955e+01,-1.087034852380035721e+00,-1.260745991083985373e+01,2.015520736329711404e+00,4.015520736329711404e+00
-1.445534052439850115e+01,1.224570189105073403e+01,8.056504362226299953e-01,-1.181624539528103135e+01,1.946334833551097487e+00,3.946334833551097709e+00
-1.414872430625857191e+01,1.222143175112502611e+01,3.622288051919924534e+00,-1.030695287262823712e+01,1.966414852336326291e+00,3.966414852336326291e+00
-1.373656793190423286e+01,1.238211682310572570e+01,6.223612228784864975e+00,-7.868495021263496092e+00,1.987233387850971145e+00,3.987233387850971145e+00
-1.337221660370742171e+01,1.266474366491678261e+01,7.864977034072425432e+00,-4.842288121085382535e+00,1.992259554800897003e+00,3.992259554800897003e+00
-1.316455372012095815e+01,1.297304671813163246e+01,8.306354559378862135e+00,-1.941439497619316334e+00,1.977528351168022169e+00,3.977528351168022169e+00
-1.294010032143790667e+01,1.348883774222655774e+01,7.777138365506082174e+00,1.581297017481594569e+00,2.011720664149058813e+00,4.011720664149058813e+00
-1.297649952480992930e+01,1.385395811085729889e+01,6.288486419118650694e+00,3.817736639607669069e+00,1.988798924290785974e+00,3.988798924290785752e+00
-1.308600064125387519e+01,1.423753215672154937e+01,4.128918726589100530e+00,5.489075495054406062e+00,2.001193192675251087e+00,4.001193192675250643e+00
-1.327318719239944222e+01,1.454502586663962305e+01,1.752269761214930499e+00,6.193454691706359760e+00,2.013423028057939046e+00,4.013423028057939490e+00
-1.358235073923084713e+01,1.468698479227468923e+01,-6.315470309658071102e-01,5.936417542396640101e+00,1.996411383021365227e+00,3.996411383021365005e+00
-1.398639720265615694e+01,1.465716591808276625e+01,-2.827274343024989811e+00,4.712899416059086022e+00,1.968149025443976186e+00,3.968149025443976186e+00
-1.408849332392732912e+01,1.471533318010311930e+01,-3.642715502275916339e+00,3.656972049321398632e+00,2.029898934411373368e+00,4.029898934411372480e+00
-1.416032935491136513e+01,1.472127233217130104e+01,-4.124993022104975537e+00,2.453010451907975842e+00,2.053884875215959305e+00,4.053884875215959305e+00
-1.437852712560859203e+01,1.448321586298497188e+01,-4.426775083480460893e+00,4.589523896679520432e-01,2.012713655913538791e+00,4.012713655913538346e+00
-1.433413736561562501e+01,1.442697556446957563e+01,-4.013043780869631760e+00,-5.727495644185451873e-01,2.061688245807534070e+00,4.061688245807534514e+00
-1.445236502688005054e+01,1.408767354496676028e+01,-3.161173757051964461e+00,-2.176850481208115085e+00,1.998086681090900374e+00,3.998086681090900374e+00
-1.449579082389583462e+01,1.378130750354064205e+01,-1.950156739804806527e+00,-3.117662195014795579e+00,1.968880808823981310e+00,3.968880808823981532e+00
-1.438556341597887389e+01,1.363752114991526199e+01,-6.826095200359927340e-01,-3.354533659645297039e+00,1.990123670436400705e+00,3.990123670436400705e+00
-1.414485962818386255e+01,1.363507482197600673e+01,6.334531094729947132e-01,-3.026559702157907150e+00,2.029479578023157149e+00,4.029479578023156705e+00
-1.397789736776983105e+01,1.363428142744973037e+01,1.565790603571298067e+00,-2.393086971657246487e+00,2.018979174582368863e+00,4.018979174582368863e+00
-1.364247252891223283e+01,1.384666248027272850e+01,2.353191252780424847e+00,-1.069539790661366174e+00,2.080132393068633956e+00,4.080132393068633512e+00
-1.381161538747350193e+01,1.368481199619315269e+01,2.225602677272796814e+00,-8.560272879964649917e-01,1.956599912665136110e+00,3.956599912665135665e+00
-1.371394629439314805e+01,1.381647471418338036e+01,2.213779048090925627e+00,1.087963186800048748e-01,2.007204211868452326e+00,4.007204211868452326e+00
-1.365455356872390169e+01,1.396589681631725988e+01,1.861648064755494492e+00,9.139151316948188608e-01,2.021818470064926654e+00,4.021818470064926210e+00
-1.363203122202111928e+01,1.411296970363242309e+01,1.292221411192485681e+00,1.473722995231757649e+00,2.031877807313771100e+00,4.031877807313770212e+00
-1.367616062438588642e+01,1.420234044403942164e+01,6.354549533877241752e-01,1.707981924531370321e+00,2.025252837825359808e+00,4.025252837825360253e+00
-1.368167913750988873e+01,1.432051219542504583e+01,1.755276800639474222e-02,1.762155311900303278e+00,2.049451901071802862e+00,4.049451901071803306e+00
-1.379196851236421040e+01,1.432256651128620462e+01,-5.900314804752382347e-01,1.493560913621013508e+00,2.025151358367060173e+00,4.025151358367060617e+00
-1.404834494757080421e+01,1.415776832968866827e+01,-1.108151954205482292e+00,8.148931492952939948e-01,1.962185621016828918e+00,3.962185621016828918e+00
-1.416755561333126145e+01,1.405606652371497489e+01,-1.241963825806474242e+00,2.360282646832140563e-01,1.970111899216956397e+00,3.970111899216956175e+00
-1.404807408791349133e+01,1.415299290528467147e+01,-1.129153382986540999e+00,3.395975906267569705e-02,2.047752362388443270e+00,4.047752362388442826e+00
-1.411622652214086138e+01,1.404630452051143585e+01,-9.899020766336869004e-01,-4.289716994544290896e-01,1.999555623706205543e+00,3.999555623706205765e+00
-1.417312532308927508e+01,1.392704951216399678e+01,-7.072841729928378562e-01,-7.897666158679301773e-01,1.979538522066667028e+00,3.979538522066667472e+00
-1.424277532170150451e+01,1.378229394183432177e+01,-3.433812809669242183e-01,-1.040599378341434678e+00,1.952607049388087157e+00,3.952607049388087379e+00
-1.427152757323228549e+01,1.367725540417501584e+01,3.906087562197162188e-02,-1.099808122010533573e+00,1.944456175495250516e+00,3.944456175495250072e+00
-1.401649863251312134e+01,1.385161911748614827e+01,4.727348731655946490e-01,-6.763943195253049323e-01,2.044118957817585347e+00,4.044118957817584459e+00
-1.400354769441213953e+01,1.383804064369088849e+01,6.341471671891342199e-01,-4.559207546225965690e-01,1.995869344417738889e+00,3.995869344417738667e+00
-1.405350114190417088e+01,1.378037817596338144e+01,6.834808876913804898e-01,-2.724287833721149021e-01,1.961732717557579608e+00,3.961732717557580052e+00
-1.392097015610224631e+01,1.391659162265084859e+01,6.964643669360921496e-01,1.308092338123727771e-01,2.023703180896422538e+00,4.023703180896422538e+00
-1.385126063662334772e+01,1.401642312534695201e+01,5.562571793399981868e-01,4.297758842096681131e-01,2.030908841950183508e+00,4.030908841950183508e+00
-1.392941915429791422e+01,1.398352237148084676e+01,3.217157175223370191e-01,4.855018366172578204e-01,1.985927794952122127e+00,3.985927794952122127e+00
-1.412406758771759030e+01,1.382974329433925931e+01,7.703541181169802632e-02,3.189639485040418609e-01,1.922519850833409594e+00,3.922519850833409372e+00
-1.415179530729739987e+01,1.382667680104641050e+01,-4.289801367416418848e-02,2.859311163083011476e-01,1.956182804836028355e+00,3.956182804836028133e+00
-1.405028514575410270e+01,1.395596773539658564e+01,-1.700164602686618232e-01,3.497582998319930248e-01,2.017557165034586930e+00,4.017557165034586930e+00
-1.408322807606867499e+01,1.394002474455714946e+01,-2.632821953961644867e-01,2.314963748966583912e-01,1.986345119381567992e+00,3.986345119381568214e+00
-1.410622422456096992e+01,1.392426622029093863e+01,-3.055403733223480689e-01,1.041179542815530157e-01,1.982404857863232728e+00,3.982404857863232728e+00
-1.399261717098047519e+01,1.403255710843081339e+01,-2.685825799671163194e-01,3.983475749497213808e-02,2.039193124456456729e+00,4.039193124456456729e+00
-1.411824101160391720e+01,1.390842870443742108e+01,-2.936983252404267164e-01,-1.256223789350733033e-01,1.960655117234020306e+00,3.960655117234020306e+00
-1.428556443715054236e+01,1.373516186928887528e+01,-2.563831596694294834e-01,-3.706443508919861074e-01,1.911451607494214278e+00,3.911451607494214056e+00
-1.411278168510186504e+01,1.386891858248710463e+01,-5.871748675830000541e-02,-2.334107751491516780e-01,2.017034575566836185e+00,4.017034575566835741e+00
-1.404034654180702368e+01,1.392525267815391388e+01,2.485879743140518433e-02,-1.497814071376177281e-01,2.015996673395633820e+00,4.015996673395633820e+00
-1.407233951617056711e+01,1.388126769048809095e+01,8.970489743750328926e-02,-1.572280586613336029e-01,1.980423852871511681e+00,3.980423852871511681e+00
-1.401873780340354791e+01,1.393057076134511441e+01,1.129472222714893032e-01,-7.893388565148132252e-02,2.007790354724334314e+00,4.007790354724334314e+00
-1.400755143007067893e+01,1.394019401471861563e+01,1.239638473604929569e-01,-2.710317298780436437e-02,2.000903337820091554e+00,4.000903337820091110e+00
-1.401775226977004785e+01,1.393277813803851117e+01,1.114851317804018416e-01,1.741723728288868331e-02,1.992088960440214551e+00,3.992088960440214329e+00
-1.406338241742972883e+01,1.389623495506976525e+01,6.063765387272816026e-02,3.284645538486966054e-02,1.974718026143301941e+00,3.974718026143301941e+00
-1.401565029966247167e+01,1.394391462409529225e+01,6.975251344819442811e-02,9.004749174652990074e-02,2.005028887979551477e+00,4.005028887979551477e+00
-1.385158710634788726e+01,1.411046619586144679e+01,7.435453920060093591e-02,2.958887693009081832e-01,2.066218985132445951e+00,4.066218985132445951e+00
-1.400808194062304146e+01,1.397294544756307921e+01,-3.459907412093080059e-02,1.060673784370735201e-01,1.969292394082736708e+00,3.969292394082736930e+00
-1.396001647437753235e+01,1.403056517595512354e+01,-9.068286876007987385e-02,1.249409684371738938e-01,2.018792718953308807e+00,4.018792718953309695e+00
-1.397323325587425558e+01,1.402245824410059249e+01,-1.204070891393645287e-01,7.180053404210054446e-02,2.007678249634591960e+00,4.007678249634591516e+00
-1.394884269008612243e+01,1.404811612049645397e+01,-1.284314297116882497e-01,2.813256683163248284e-02,2.021605063675773195e+00,4.021605063675773195e+00
-1.394934359689444214e+01,1.404532822722682894e+01,-1.188127894432482318e-01,-2.022740984935707254e-02,2.016132759667165875e+00,4.016132759667165431e+00
-1.398037310249180898e+01,1.401191884664325649e+01,-1.109685991431494795e-01,-7.771192792821078610e-02,2.001744832276235453e+00,4.001744832276235009e+00
-1.405490206301134215e+01,1.393415624926601559e+01,-9.719976218060595585e-02,-1.827564084946003420e-01,1.976081001308609197e+00,3.976081001308608975e+00
-1.408416374059811460e+01,1.389024423640474204e+01,-2.305481462643866122e-02,-2.343653742596356893e-01,1.977412431511079483e+00,3.977412431511079483e+00
-1.396953945253481066e+01,1.399010162950415825e+01,4.861179812578905746e-02,-9.044624559617854553e-02,2.031851517564221332e+00,4.031851517564221332e+00
-1.400037973765280874e+01,1.395347761963401823e+01,8.901622367077936804e-02,-8.529578584273551922e-02,1.995024899776226324e+00,3.995024899776226324e+00
-1.399387144749248968e+01,1.395714091040908933e+01,1.066815639043586922e-01,-4.081605685128172206e-02,2.000522032840165831e+00,4.000522032840165387e+00
-1.380807149349706719e+01,1.413809330183894630e+01,1.192986630728675862e-01,7.246693071647107576e-02,2.083435381265272390e+00,4.083435381265272390e+00
-1.384875753302128487e+01,1.410948633417976517e+01,6.367172468979181987e-02,7.806264941780707844e-02,2.025602662676276644e+00,4.025602662676276644e+00
-1.388243525157236569e+01,1.408462749409710568e+01,1.769057636115461615e-02,5.818021667848465722e-02,2.014980236595236285e+00,4.014980236595236285e+00
-1.392032969720037272e+01,1.405046061565753668e+01,-1.787945346673949299e-03,1.501032576457589536e-02,2.006566484636878034e+00,4.006566484636877590e+00
-1.395178894002513559e+01,1.401729963941289370e+01,9.377074202343380765e-03,-1.567650073092075047e-02,2.001172391642126236e+00,4.001172391642126236e+00
-1.388597138299563483e+01,1.408979689003544067e+01,-2.322503390114193447e-02,1.650776849153863524e-02,2.041216078351969720e+00,4.041216078351969720e+00
-1.396758543114470896e+01,1.400656214301434410e+01,-1.460178852366726676e-02,2.613166123131360676e-03,1.988018790087510368e+00,3.988018790087510812e+00
-1.388375787083632318e+01,1.408467966832698082e+01,2.083988189970451335e-02,4.416348091327352426e-03,2.043414114393176551e+00,4.043414114393176995e+00
-1.387643668916971862e+01,1.409198160138964973e+01,2.091947085502691289e-02,1.494565744328964219e-02,2.029945859526564256e+00,4.029945859526564256e+00
-1.394561167780489797e+01,1.403019753027528438e+01,-2.724690102922041821e-02,-4.435550297298913175e-02,1.997536894906465355e+00,3.997536894906465132e+00
-1.392267041001162298e+01,1.404943944768157493e+01,-2.710392067210636632e-03,-2.153419869567411299e-02,2.020126198226925851e+00,4.020126198226925851e+00
-1.381349450483708807e+01,1.416523798922227151e+01,-4.050589491957561072e-02,1.031745365121537888e-01,2.065742962663033921e+00,4.065742962663033921e+00
-1.387107516324983258e+01,1.410812917290259527e+01,-4.434542549492768992e-02,3.585021900945467577e-02,2.017141510386118775e+00,4.017141510386118775e+00
-1.386665315379121033e+01,1.411465395106140086e+01,-5.348905172027647315e-02,1.544795879114604573e-02,2.029215862757794309e+00,4.029215862757794753e+00
-1.404077741284076630e+01,1.394591214808097845e+01,-8.181398461175939940e-02,-5.816509636738434463e-02,1.949623493839071076e+00,3.949623493839071298e+00
-1.398882612196810449e+01,1.398861249464925649e+01,-3.004474516499527903e-02,-4.221136631656369903e-02,2.011357642267793011e+00,4.011357642267793011e+00
-1.412682903946335777e+01,1.384939706805648463e+01,-1.574636151863986408e-02,-2.036510046198854729e-01,1.945689645946099500e+00,3.945689645946099500e+00
-1.397761998045390008e+01,1.398251359217119472e+01,3.442243713323565185e-02,-3.073143548934770958e-02,2.034672261451564435e+00,4.034672261451563990e+00
-1.400879590341051717e+01,1.395140328856008871e+01,5.307033828818571997e-02,-2.351541043278423601e-02,1.994471327828210239e+00,3.994471327828209795e+00
-1.402024179195930920e+01,1.394085934017949313e+01,5.217617584294297756e-02,-1.885854700799750438e-03,1.992061302355248920e+00,3.992061302355248920e+00
-1.402562733008418761e+01,1.393778548161267317e+01,4.111321834705481543e-02,1.625035166584510443e-02,1.992852134023624266e+00,3.992852134023624266e+00
-1.400281500359432307e+01,1.396109029419898562e+01,4.175524853519047702e-02,4.879919636409812966e-02,2.004282332094322161e+00,4.004282332094321717e+00
-1.398176506982641598e+01,1.398602432348814695e+01,2.165770726660974296e-02,8.478592445007383793e-02,2.009252167213526175e+00,4.009252167213525730e+00
-1.398663249069382886e+01,1.398777548437459828e+01,-1.511713871714280566e-02,7.835702518240812708e-02,2.003436557330644074e+00,4.003436557330643630e+00
-1.396899077634170006e+01,1.401241724512247444e+01,-5.133224032742043225e-02,8.227260992680095197e-02,2.012835691493490398e+00,4.012835691493490842e+00
-1.403479629089317626e+01,1.394677293452877898e+01,-5.022939876821246041e-02,1.218479856707349075e-02,1.979868322752672549e+00,3.979868322752672771e+00
-1.417173455434129004e+01,1.381156421343747098e+01,-4.173714587717575891e-02,-4.875227827536637165e-02,1.931042937743761234e+00,3.931042937743761012e+00
-1.407660259166372008e+01,1.389715082870615426e+01,4.491257169547428416e-03,8.611338484029779430e-03,2.005062211215119738e+00,4.005062211215118850e+00
-1.408217199753879001e+01,1.389131761416408928e+01,5.117908732446826639e-05,2.919498319993037248e-03,1.986261390892737788e+00,3.986261390892737566e+00
-1.406404535782984055e+01,1.391065010666015844e+01,-8.969879447064196473e-03,2.039071581460574420e-02,1.993472825580961505e+00,3.993472825580961505e+00
-1.396241776246302813e+01,1.402448892398255964e+01,-6.524365140037398370e-02,7.881483830045982186e-02,2.038727514526259554e+00,4.038727514526259554e+00
-1.419721806612490589e+01,1.377573818325786625e+01,-9.801906465919139194e-03,-1.171569296742543814e-02,1.904124071658417794e+00,3.904124071658417794e+00
-1.408445473616609789e+01,1.388452696912162310e+01,2.507612472355642830e-02,3.564522922993717396e-02,2.005148912537101591e+00,4.005148912537102035e+00
-1.399807004155945833e+01,1.397220528811648599e+01,4.985637880615488571e-02,1.186936094724451718e-01,2.025052258042281839e+00,4.025052258042282283e+00
-1.409755998029610602e+01,1.387971812580046560e+01,-3.931130403195119347e-03,6.229589089271009641e-03,1.962431172528210643e+00,3.962431172528210865e+00
-1.421944545432843476e+01,1.374826422406318649e+01,8.839534041428162570e-02,-5.661863005904924605e-03,1.921974682251894606e+00,3.921974682251894606e+00
-1.406429146223551285e+01,1.389765484823879937e+01,1.050158897163263466e-01,4.929923222918535658e-02,2.022647930666773952e+00,4.022647930666773064e+00
-1.406014557245421592e+01,1.390489495893382532e+01,6.640969900685682326e-02,9.060745504856045074e-02,1.992915907673515230e+00,3.992915907673515452e+00
-1.400731196916890475e+01,1.396214208117599043e+01,3.342466354732329115e-02,1.678885177999364098e-01,2.011144182751371634e+00,4.011144182751372078e+00
-1.395071545565597226e+01,1.402706226740660789e+01,7.516056728416695143e-03,2.304625263789083500e-01,2.024618372353080620e+00,4.024618372353080176e+00
-1.390920912131344878e+01,1.407677390569739373e+01,-1.225305518439867569e-02,2.580553021498998567e-01,2.029308292416303949e+00,4.029308292416303949e+00
-1.397582337298040933e+01,1.403182980750779940e+01,-1.742553153607022398e-01,9.338378990238796473e-02,1.999599435857309704e+00,3.999599435857309704e+00
-1.411146410238607807e+01,1.390312573802789764e+01,-5.800879540210751584e-02,-1.560730504275852359e-01,1.958814285348112527e+00,3.958814285348112527e+00
-1.414371380666698741e+01,1.384557840504459492e+01,5.815742420422334580e-02,-1.723758618003795318e-01,1.961912141485351091e+00,3.961912141485351313e+00
-1.409060787226067291e+01,1.387712645067968431e+01,1.286553612570327798e-01,-9.668632295212102601e-02,1.993052456961118768e+00,3.993052456961118768e+00
-1.394451831488406590e+01,1.401158875203370258e+01,1.316832445781131733e-01,1.019281284350394834e-01,2.046457824356628930e+00,4.046457824356628485e+00
-1.391237486393255196e+01,1.405156804758918376e+01,5.505965319999788637e-02,1.785088003535397205e-01,2.029044234383076795e+00,4.029044234383076351e+00
-1.409126394799534232e+01,1.388811987231503586e+01,7.507947488221428621e-03,-1.391525660772100631e-02,1.941406961756601657e+00,3.941406961756601213e+00
-1.416239159591848740e+01,1.380754573863748824e+01,6.404937644689129295e-02,-3.513732469831055277e-02,1.942591139879688011e+00,3.942591139879688011e+00
-1.409048752908482882e+01,1.387632578298840613e+01,7.032057143858534698e-02,9.924287554083558935e-03,1.997397206515313162e+00,3.997397206515313606e+00
-1.409644932597180045e+01,1.387087830242585085e+01,4.808454858085899064e-02,3.727891516649237125e-02,1.980934265468167421e+00,3.980934265468167421e+00
-1.398221840696277596e+01,1.398102518196540878e+01,4.955569186910697282e-02,1.905272801718999043e-01,2.029027895938623427e+00,4.029027895938623871e+00
-1.409683819404688698e+01,1.388565558927351695e+01,-3.103879990349920140e-02,4.228794452756116234e-02,1.960762739460663706e+00,3.960762739460664150e+00
-1.411156219826884417e+01,1.387087361609666125e+01,-3.643464138641576422e-02,1.360624228409485284e-02,1.973236379151537490e+00,3.973236379151537712e+00
-1.405450193678878534e+01,1.392438538789278546e+01,-2.904536701355294598e-02,1.006817128253768194e-03,2.005359740775247257e+00,4.005359740775246813e+00
-1.401878876559150378e+01,1.395512190336052072e+01,5.359821907574324794e-05,2.266531631878679427e-05,2.008785740369213979e+00,4.008785740369213535e+00
-1.400433862819587461e+01,1.396737021405310308e+01,1.012488324287952497e-02,1.308061170290375323e-02,2.005144676913011015e+00,4.005144676913010571e+00
-1.409047548862003296e+01,1.388454329027900336e+01,-2.197702001141147235e-03,-1.015022455982210331e-01,1.965373685625105393e+00,3.965373685625105171e+00
-1.396260692998393260e+01,1.401295901089287455e+01,-4.436259301947870215e-02,4.250304938595020343e-02,2.036772723521922845e+00,4.036772723521922401e+00
-1.399273022921192400e+01,1.398435597374418471e+01,-4.205051494080086494e-02,8.432928956421437833e-03,1.999900130751287364e+00,3.999900130751287364e+00
-1.412661324420771614e+01,1.385435038317400114e+01,-6.535072843736146331e-02,-4.211814479190965910e-02,1.941137643881205133e+00,3.941137643881205133e+00
-1.393718002258097322e+01,1.402819759819684009e+01,6.319068555682956501e-02,8.409440169591685110e-02,2.055086664758666970e+00,4.055086664758666970e+00
-1.384516011342745045e+01,1.412465730660606944e+01,6.560411745423935792e-02,2.054296182270762827e-01,2.058021119986039427e+00,4.058021119986038983e+00
-1.380244603837044615e+01,1.417945807568768934e+01,1.039362673920902341e-02,2.594628733614459670e-01,2.053006482762682161e+00,4.053006482762682161e+00
-1.380450359574175501e+01,1.419172590788968691e+01,-1.125495624597457889e-01,2.201254319624798006e-01,2.043215293671960087e+00,4.043215293671959643e+00
-1.399418500392797426e+01,1.402646838431336640e+01,-3.740453987237556815e-02,-1.379201871708206906e-01,1.978554021950046815e+00,3.978554021950046593e+00
-1.407990096031149463e+01,1.391426607506568303e+01,1.117046414954864092e-01,-1.039615175655489165e-01,1.960224893705189375e+00,3.960224893705189153e+00
-1.403920752113543813e+01,1.393378058120362262e+01,1.575401952485551982e-01,-2.299607205258322185e-02,1.996812823162518624e+00,3.996812823162518846e+00
-1.397734073657674969e+01,1.398596240430680382e+01,1.596421362997994531e-01,1.168939069534848801e-01,2.017231374865412707e+00,4.017231374865413152e+00
-1.403087820653103002e+01,1.393888454507328767e+01,5.200278207437779993e-02,1.036103246606126654e-01,1.981477649292547882e+00,3.981477649292548104e+00
-1.408541832786038484e+01,1.388980116656657238e+01,-4.902014800947891021e-03,3.566566534113699283e-02,1.969328110952485833e+00,3.969328110952485833e+00
-1.389982418352477467e+01,1.409358637058064367e+01,-1.053170494933401841e-01,2.271107815281597497e-01,2.067721539613216919e+00,4.067721539613216919e+00
-1.394820876225391615e+01,1.405689090858474266e+01,-2.003787882834251743e-01,5.777757088749083808e-02,2.011905274930658738e+00,4.011905274930659182e+00
-1.401236633313619961e+01,1.399041612435938120e+01,-1.465605527346693360e-01,-1.424999376122051131e-01,1.989850231646461021e+00,3.989850231646461243e+00
-1.398525412332673135e+01,1.400161316870183725e+01,-5.458700351678087703e-02,-1.647384602962840283e-01,2.012434531278692429e+00,4.012434531278691985e+00
-1.389440225615819102e+01,1.407740809984777108e+01,2.217571467517611555e-02,-6.934819208771955679e-02,2.046127953363968022e+00,4.046127953363967578e+00
-1.386805167798582694e+01,1.409886137829939834e+01,4.099141629785912899e-02,-2.963520036297221522e-02,2.036963049525868819e+00,4.036963049525868819e+00
-1.389540382212212144e+01,1.406973450610666276e+01,5.172936984466692395e-02,-6.736343896371664065e-03,2.014910558428277376e+00,4.014910558428277376e+00
-1.399916290089095483e+01,1.397459936281684989e+01,-1.025481102325384933e-02,-1.861052916183706784e-03,1.973791114165269089e+00,3.973791114165269089e+00
-1.395760292426082572e+01,1.401086342967679954e+01,2.227450084204595643e-02,2.383951036954441369e-02,2.015010315959969489e+00,4.015010315959969489e+00
-1.409698938735903972e+01,1.388092311239169874e+01,-3.440411512850328341e-02,-1.441134141021189197e-01,1.952404299144707922e+00,3.952404299144707700e+00
-1.415683247010226964e+01,1.380756453410068829e+01,3.194232292130472217e-02,-2.191364269623799488e-01,1.951815670739949438e+00,3.951815670739949660e+00
-1.410093483995044039e+01,1.384931227943906862e+01,1.482288959767917580e-01,-7.737204400045412378e-02,1.987641687372521337e+00,3.987641687372521115e+00
-1.428055876564683579e+01,1.366193151407141571e+01,1.016336014715830613e-02,-1.746298587590244811e-01,1.901848771646321490e+00,3.901848771646321268e+00
-1.407122289042488816e+01,1.386957452553641978e+01,6.295138787185744489e-02,7.468202534713319629e-02,2.022489473533823023e+00,4.022489473533823023e+00
-1.408835662124883825e+01,1.386723466094551149e+01,1.661426505943871396e-02,8.510783334551050294e-02,1.983454971717950599e+00,3.983454971717950599e+00
-1.405388556551044132e+01,1.391499065159529813e+01,-5.255385006055807856e-02,1.054522130206774211e-01,1.999916338503334945e+00,3.999916338503334501e+00
-1.409904415336136374e+01,1.387941787189071086e+01,-8.618315399616822969e-02,3.897629792266347343e-02,1.972823973786304697e+00,3.972823973786304919e+00
-1.398918369070727330e+01,1.399057848471569621e+01,-6.097060341644836012e-02,1.907960357300476917e-02,2.033245224566798459e+00,4.033245224566798903e+00
-1.405100868014707771e+01,1.393416538020104767e+01,-8.749203891411631850e-02,-4.954123157631881713e-02,1.982550341171984254e+00,3.982550341171984254e+00
-1.419113761653557582e+01,1.379824387995491719e+01,-2.736968677990561302e-02,-2.525679072376365575e-01,1.932897144212613050e+00,3.932897144212613050e+00
-1.407069633182043589e+01,1.388640629506850566e+01,1.056833423870179728e-01,-7.387338136238218167e-02,2.007283511382929042e+00,4.007283511382928154e+00
-1.397357588716860022e+01,1.397730902500023831e+01,8.267783279500155735e-02,5.100331422923810865e-02,2.029452223795926269e+00,4.029452223795925825e+00
-1.387712904698555150e+01,1.408052995622775683e+01,6.434994650201004019e-04,1.576706346640205092e-01,2.051586218794601901e+00,4.051586218794601457e+00
-1.395197875631336260e+01,1.402155411871702739e+01,-6.689507108746713115e-02,7.338338766770609312e-02,1.996278053138347053e+00,3.996278053138346831e+00
-1.406433748894424340e+01,1.391534209200305305e+01,-6.804987013295910048e-02,-1.877331072225058364e-02,1.958936929180118414e+00,3.958936929180118192e+00
-1.402099164474537041e+01,1.395463493399608623e+01,-2.525377432457609136e-02,-2.306348492997338170e-02,2.005008464702837223e+00,4.005008464702837223e+00
-1.402403898569624907e+01,1.394949601831847374e+01,-7.130270414442374700e-03,-3.565463224606289783e-02,1.997401416354531944e+00,3.997401416354532167e+00
-1.403745652185683390e+01,1.393204517730294612e+01,2.275159613255095872e-02,-4.903548826827116430e-02,1.990470416305844648e+00,3.990470416305844648e+00
-1.405001880578648432e+01,1.391437493865815611e+01,5.534903092361318638e-02,-3.311680721192383769e-02,1.986221561900084476e+00,3.986221561900084698e+00
-1.401812296821512405e+01,1.394502633864858865e+01,5.827919922192321966e-02,1.133015225630721809e-02,2.003880989600786755e+00,4.003880989600786755e+00
-1.405978422350083790e+01,1.390865019247246259e+01,1.676591388585257220e-02,1.409113244961216621e-02,1.978962652752232820e+00,3.978962652752232820e+00
-1.412466832188021826e+01,1.384901122736274459e+01,-2.028942827372771929e-02,-5.547678238234351328e-02,1.960171895075139448e+00,3.960171895075139226e+00
-1.398146508786337172e+01,1.399349294808677691e+01,-8.274681009271511734e-02,1.071964418514874118e-01,2.036082812195027181e+00,4.036082812195027181e+00
-1.404589585599660317e+01,1.393432466496588873e+01,-8.940935943728696433e-02,2.790109612478221170e-03,1.982264946758421686e+00,3.982264946758421686e+00
-1.408863464846866442e+01,1.389185936530246934e+01,-6.992383110594115048e-02,-7.104186612045228222e-02,1.973270653485943438e+00,3.973270653485943882e+00
-1.399619919218596387e+01,1.397679019464998262e+01,-2.817446606725050985e-04,-9.653053938831647604e-04,2.024496813575448417e+00,4.024496813575447973e+00
-1.391782058952783352e+01,1.405950143408205832e+01,-2.608461408248326230e-02,9.181566782066323540e-02,2.040898779671294516e+00,4.040898779671294960e+00
-1.376576384577085221e+01,1.423713491082708416e+01,-2.825859750596184522e-02,2.338564072240138236e-01,2.094771180431884705e+00,4.094771180431885149e+00
-1.401249484110632615e+01,1.398390321828551031e+01,2.026195179691010761e-02,-4.880074545445697853e-02,1.957574490106437581e+00,3.957574490106437359e+00
-1.408615186045111223e+01,1.389759433658784715e+01,1.802710929002578413e-02,-9.564513461214628519e-04,1.958487828010012199e+00,3.958487828010011977e+00
-1.395370344601187185e+01,1.401887343638202665e+01,1.429396005410426551e-01,3.988823750263024298e-02,2.037578610275861291e+00,4.037578610275860846e+00
-1.383301487373016059e+01,1.413110153928688995e+01,1.726136637987697731e-01,2.422117155216671480e-01,2.061483430904197167e+00,4.061483430904196723e+00
-1.386468891585961494e+01,1.411891827722556414e+01,-4.981751771450271954e-02,2.361184818585076450e-01,2.024791405880589146e+00,4.024791405880589146e+00
-1.397564138503135389e+01,1.403693072616764326e+01,-1.459335089384061757e-01,-2.361942832483761995e-02,1.990460776737608350e+00,3.990460776737608128e+00
-1.406564878745690095e+01,1.393900356844249089e+01,-6.677208002396950275e-03,-1.581697731522302974e-01,1.969239066919375336e+00,3.969239066919375336e+00
-1.410792651559042810e+01,1.387154656180624990e+01,1.196058979075107220e-01,-1.398065870055793525e-01,1.963923103193405462e+00,3.963923103193405240e+00
-1.411011804281003101e+01,1.385115588835224010e+01,1.746242699098631557e-01,-4.393737099819675779e-02,1.971934843628968537e+00,3.971934843628968537e+00
-1.404325388495328220e+01,1.391355470217008339e+01,1.340237141389631070e-01,1.685744227654545624e-01,2.002557209395792626e+00,4.002557209395792626e+00
-1.410738781769512151e+01,1.386296749517610749e+01,1.207915231571032866e-02,1.286744535326533878e-01,1.963986939321853420e+00,3.963986939321853864e+00
-1.409812905872964706e+01,1.388231055237430844e+01,-7.505133542565775584e-02,1.165920850639343836e-01,1.982481924038422605e+00,3.982481924038422605e+00
-1.406834220988386441e+01,1.391999186704672908e+01,-1.305332325050111708e-01,7.517937240405123123e-02,1.997890736593497696e+00,3.997890736593498140e+00
-1.399089908263366588e+01,1.399879736181015843e+01,-1.112022912292691540e-01,5.479945637427662691e-02,2.026226809488950398e+00,4.026226809488949954e+00
-1.396091814718882063e+01,1.402779976891171998e+01,-9.298092049122674840e-02,1.361123259468557424e-03,2.021922351196701051e+00,4.021922351196701051e+00
-1.404601072361110781e+01,1.394529514563891048e+01,-6.881085636295049268e-02,-1.555070981909476846e-01,1.978452173701657157e+00,3.978452173701657379e+00
-1.408047509049268697e+01,1.389459932601299741e+01,6.365682199215325077e-02,-2.019260587175755461e-01,1.975601754631212570e+00,3.975601754631212348e+00
-1.425174707405420271e+01,1.370805929208023066e+01,-1.394778797252104602e-02,-3.541993382172503035e-01,1.907264735894709018e+00,3.907264735894709240e+00
-1.418339811545248352e+01,1.374734088237912033e+01,2.743786322383016119e-01,-1.127054513331863378e-01,1.966277145258647163e+00,3.966277145258647163e+00
