0.000000000000000000e+00,0.000000000000000000e+00,0.000000000000000000e+00,0.000000000000000000e+00,2.000000000000000000e+00,4.000000000000000000e+00
9.053784670617225430e-03,9.528095039349341808e-03,2.937831786756190701e-03,5.094152868734564549e-03,2.005292775779056846e+00,4.005292775779057735e+00
1.262610235752436860e-01,1.126973245469513885e-01,2.581308359294986338e-02,4.094632985159781663e-02,2.000101483304309369e+00,4.000101483304309369e+00
4.443326513210078543e-01,4.017858981794107942e-01,8.929385996625668898e-02,1.816834256974461381e-01,2.031013681911313373e+00,4.031013681911312929e+00
5.931458066241399596e-01,5.096172335700492884e-01,1.087907587886172839e-01,2.023612499958086230e-01,1.956431785870545781e+00,3.956431785870545781e+00
9.671231768326439271e-01,8.434882531808614026e-01,1.440544662808257159e-01,4.037526569651417874e-01,1.988289799643472300e+00,3.988289799643472300e+00
1.214814539988322561e+00,1.052304620753897080e+00,1.484126835632822439e-01,5.090137475118715615e-01,1.945408979847446762e+00,3.945408979847447206e+00
1.738534964094272217e+00,1.557901865875582992e+00,4.971065343909801537e-02,8.453149785765398105e-01,2.023985235631159618e+00,4.023985235631158730e+00
2.106990104101193584e+00,1.912687314554242235e+00,-1.953608717444114441e-03,1.022747091879672166e+00,2.007355350259182547e+00,4.007355350259182991e+00
2.624925861328372356e+00,2.421416702562076750e+00,-3.119187562449636866e-02,1.294232743277961672e+00,2.062862800919823769e+00,4.062862800919823769e+00
2.843004246423555870e+00,2.592129637381174412e+00,1.576355291465861008e-01,1.291027407311665653e+00,1.972083500440935389e+00,3.972083500440935389e+00
3.331921991228235846e+00,3.021140296714937890e+00,4.188890024208730134e-01,1.453170104170781629e+00,2.025628098808122779e+00,4.025628098808121891e+00
3.743052185145013588e+00,3.350347629274358141e+00,7.597993196140178096e-01,1.475402147045150603e+00,2.013306917372840843e+00,4.013306917372840843e+00
4.202151951805282337e+00,3.716805427100192460e+00,1.108717708452296780e+00,1.503326256296170893e+00,2.025010952855767599e+00,4.025010952855768487e+00
4.705895562187599523e+00,4.127293744779560569e+00,1.441362041467607158e+00,1.581567991508597393e+00,2.049435148553437003e+00,4.049435148553437003e+00
5.050242826897507697e+00,4.379349178672181431e+00,1.649277606268047425e+00,1.560335254853762121e+00,2.007395839651463287e+00,4.007395839651462843e+00
5.472132805335157002e+00,4.724423330556442480e+00,1.814189061084177546e+00,1.707089499648242858e+00,2.019780435628055315e+00,4.019780435628055315e+00
5.633623706420354260e+00,4.802875850779845912e+00,1.876042387141730883e+00,1.555495414681141275e+00,1.925917109804714977e+00,3.925917109804714755e+00
6.272259715250354972e+00,5.402436046742494113e+00,1.974219800535678582e+00,2.127843103649088352e+00,2.055291197278784399e+00,4.055291197278784843e+00
6.694161611374944698e+00,5.771794047131084682e+00,2.125916648221280347e+00,2.270699720456986093e+00,2.034675225161401091e+00,4.034675225161400647e+00
7.192556978560087799e+00,6.218450935319429718e+00,2.278696371830663647e+00,2.503689594114756556e+00,2.062581003824965453e+00,4.062581003824965897e+00
7.529450173406925018e+00,6.491386702706105183e+00,2.423476657593083061e+00,2.471750690900999636e+00,2.020925480230119753e+00,4.020925480230118865e+00
7.729564439884265781e+00,6.617158377707931471e+00,2.493483037115136636e+00,2.276000067482424338e+00,1.951232580549415729e+00,3.951232580549415729e+00
8.056278698651642145e+00,6.881002973655711230e+00,2.533920178760364461e+00,2.329065233120793721e+00,1.956724689347569379e+00,3.956724689347568713e+00
8.586270268299044162e+00,7.371760328632312564e+00,2.578018039459561539e+00,2.712907374057736298e+00,2.026457680406223538e+00,4.026457680406224426e+00
8.989008844137178045e+00,7.722897027476702370e+00,2.700332785130381552e+00,2.785262821909475939e+00,2.012710388969185082e+00,4.012710388969185082e+00
9.474737199734615700e+00,8.161260897637175660e+00,2.794493096004014188e+00,2.999929262437296185e+00,2.042608560202070045e+00,4.042608560202069157e+00
9.841674747083862584e+00,8.465677349593448753e+00,2.936404071399591142e+00,2.948392737621705173e+00,2.016882783694268433e+00,4.016882783694269321e+00
9.943487535672138833e+00,8.471833596116711718e+00,3.036772348702866164e+00,2.430044807734701440e+00,1.906078303107655580e+00,3.906078303107655358e+00
1.039084693592835151e+01,8.868052890581887837e+00,2.999031096811150654e+00,2.736268964044259011e+00,1.972096659062887669e+00,3.972096659062888335e+00
1.078014213778809882e+01,9.205993161173068984e+00,3.045180774387598266e+00,2.836956688402625382e+00,1.973573663881448503e+00,3.973573663881448503e+00
1.130580919628520142e+01,9.698244399327546006e+00,3.060414098880385403e+00,3.209109039304146371e+00,2.026109491156195652e+00,4.026109491156196540e+00
1.177359340375016927e+01,1.012161100443051254e+01,3.171174107587646507e+00,3.349465608501638325e+00,2.035474815867396536e+00,4.035474815867396536e+00
1.216153489566018742e+01,1.044608995772119187e+01,3.332970845623210554e+00,3.279784097179637925e+00,2.017015276282661862e+00,4.017015276282662306e+00
1.283594676323211559e+01,1.109511756937359905e+01,3.298457963126214310e+00,3.899522543415089526e+00,2.121761180559420090e+00,4.121761180559420090e+00
1.318236338749218817e+01,1.136851343817244597e+01,3.576213380710772771e+00,3.565500714197265886e+00,2.061897708071769308e+00,4.061897708071769308e+00
1.345125807536819984e+01,1.154649704214694772e+01,3.688742970770265917e+00,3.182739826670032635e+00,2.012802087594388389e+00,4.012802087594388389e+00
1.372830507564372127e+01,1.173710809131828725e+01,3.692617448630712840e+00,2.944666302422665360e+00,1.988419141638746890e+00,3.988419141638746446e+00
1.415855289599433675e+01,1.211513597851742929e+01,3.623856135310099980e+00,3.160167287107010115e+00,2.026418479045924315e+00,4.026418479045924315e+00
1.446909773388732390e+01,1.236076041795753078e+01,3.641846447018632915e+00,3.015955737966089067e+00,1.997277585098542030e+00,3.997277585098542474e+00
1.471654920389748789e+01,1.253359030232470417e+01,3.625813959975413781e+00,2.767608805619681256e+00,1.956806970946402657e+00,3.956806970946402657e+00
1.504269345005400282e+01,1.280155652371043828e+01,3.561932033842510670e+00,2.785709266014555041e+00,1.958537182940312427e+00,3.958537182940311983e+00
1.549413553553988798e+01,1.321966262318251495e+01,3.499105306771236101e+00,3.104594577245974207e+00,1.998488282047105047e+00,3.998488282047104825e+00
1.594302172079422775e+01,1.363470138873184823e+01,3.503656990077453237e+00,3.319667706863238532e+00,2.016940447150795457e+00,4.016940447150795457e+00
1.629173170273669058e+01,1.392846652691791753e+01,3.566709598300719986e+00,3.225026536283439604e+00,1.992682398084568263e+00,3.992682398084569151e+00
1.666202147588778359e+01,1.424185368475615476e+01,3.589916714163902345e+00,3.208268794257933987e+00,1.990076052844091059e+00,3.990076052844091059e+00
1.714786826492282756e+01,1.468679729742192208e+01,3.593142456034797760e+00,3.470608326773745311e+00,2.030774387800452274e+00,4.030774387800452274e+00
1.762431383994915279e+01,1.511927606030117310e+01,3.657330983652637535e+00,3.628240313009827300e+00,2.051001470318877473e+00,4.051001470318877473e+00
1.809542202074044326e+01,1.554156234872625575e+01,3.732599144187862983e+00,3.726459427469094532e+00,2.066722577191562937e+00,4.066722577191563381e+00
1.832871964813874399e+01,1.568739322100466893e+01,3.840881479723037728e+00,3.229299953758406616e+00,1.993233662286619579e+00,3.993233662286619357e+00
1.863776868118817731e+01,1.592035651560859577e+01,3.800611040419483277e+00,3.076244574595174530e+00,1.984224334826881542e+00,3.984224334826881098e+00
1.917309125010773485e+01,1.642215570172021799e+01,3.728436768418025071e+00,3.525103864656922603e+00,2.056843761689264749e+00,4.056843761689265193e+00
1.944558345494257168e+01,1.662363203801612954e+01,3.793667298084180572e+00,3.192717713456479700e+00,1.997559078744105543e+00,3.997559078744105765e+00
1.987581506973576850e+01,1.700485841819151034e+01,3.755011599133307065e+00,3.351366395733459846e+00,2.027805288369624481e+00,4.027805288369624037e+00
2.006350035721176539e+01,1.710928407891356784e+01,3.751538688013867695e+00,2.883316729763557351e+00,1.951530500147577341e+00,3.951530500147576674e+00
2.028575203234110447e+01,1.725510084557134149e+01,3.661043211656294538e+00,2.645689662168994705e+00,1.920316696592113903e+00,3.920316696592114347e+00
2.096066185194931819e+01,1.793044762767575406e+01,3.514611656029317910e+00,3.567574310545585714e+00,2.059394606029160357e+00,4.059394606029160357e+00
2.124658389020794758e+01,1.815989451099657970e+01,3.631226408204230705e+00,3.273298731945024187e+00,1.988765127914434494e+00,3.988765127914434494e+00
2.166135758793748778e+01,1.852514500807118480e+01,3.642156036939576680e+00,3.358167793766603904e+00,2.006728519817135403e+00,4.006728519817135847e+00
2.197461128158428778e+01,1.877306618457776821e+01,3.673149552979492860e+00,3.178802911545437038e+00,1.977416190575381094e+00,3.977416190575380650e+00
2.235760150655436007e+01,1.909943334692998818e+01,3.666129827533108010e+00,3.210513313146274417e+00,1.986986007563636525e+00,3.986986007563636303e+00
2.282445650078340904e+01,1.952294905806213166e+01,3.671527239662361719e+00,3.426152584726399830e+00,2.020570104758231622e+00,4.020570104758231622e+00
2.305626178437267981e+01,1.967806276799934295e+01,3.705433721690337467e+00,3.040579414574642758e+00,1.952778613500371740e+00,3.952778613500371296e+00
2.358941728942954441e+01,2.017654907725800939e+01,3.662250915177423405e+00,3.468971638469160013e+00,2.028348052828206516e+00,4.028348052828206072e+00
2.423704176033738023e+01,2.080585022796810435e+01,3.690079834703598571e+00,4.030607595981062552e+00,2.109767255043888845e+00,4.109767255043888845e+00
2.454783989407850342e+01,2.104445460454822836e+01,3.891637019696295052e+00,3.625950499377304848e+00,2.039356181412780522e+00,4.039356181412780522e+00
2.482643712433943861e+01,2.123915765754732021e+01,3.919232263384066162e+00,3.288063545990203007e+00,2.001138190838768427e+00,4.001138190838767983e+00
2.518392548458651348e+01,2.152848726207446006e+01,3.877595553913120163e+00,3.239679015482245905e+00,2.007891245324744833e+00,4.007891245324744389e+00
2.552704284237488253e+01,2.180776856037922329e+01,3.843654109295922883e+00,3.170732534446921047e+00,2.001397483160721080e+00,4.001397483160720192e+00
2.588346428697820656e+01,2.210695846941029430e+01,3.803569537589583049e+00,3.162120436646185695e+00,2.000247356430639556e+00,4.000247356430639556e+00
2.656374399661305219e+01,2.278135972928266639e+01,3.710431175941265813e+00,3.938727014990703434e+00,2.117764941139484325e+00,4.117764941139484769e+00
2.659592056157433859e+01,2.271114799523540739e+01,3.841275864378506100e+00,2.968717724209146258e+00,1.944243052950841211e+00,3.944243052950842099e+00
2.693826245158247445e+01,2.298969356898403760e+01,3.742067340033450318e+00,2.996606032046735812e+00,1.972591047432791012e+00,3.972591047432790567e+00
2.741878550953415683e+01,2.343394403606185961e+01,3.693700159153100238e+00,3.321428279853524845e+00,2.025449221479649342e+00,4.025449221479649786e+00
2.790415154155843425e+01,2.388486867827158733e+01,3.707970418894274367e+00,3.559501881810025914e+00,2.053857187838031617e+00,4.053857187838032061e+00
2.793391223955931935e+01,2.381234684860270079e+01,3.709104450798752950e+00,2.720412031943859166e+00,1.904415803480364877e+00,3.904415803480365099e+00
2.824409060816442363e+01,2.405949306879524130e+01,3.600288398504736698e+00,2.736229420182611616e+00,1.926623838940724864e+00,3.926623838940724198e+00
2.869932123709384797e+01,2.448071505383713031e+01,3.542655664130661464e+00,3.070844255856584049e+00,1.976016875668931583e+00,3.976016875668931139e+00
2.928355706371440803e+01,2.504918125170541288e+01,3.540816558283941706e+00,3.592029348159142099e+00,2.046089880106999548e+00,4.046089880106999992e+00
2.967711216668392638e+01,2.539281253850872488e+01,3.657664237660674278e+00,3.519669226199500844e+00,2.019012180091176667e+00,4.019012180091177555e+00
3.022873964308806194e+01,2.590483506733868424e+01,3.724014856667775319e+00,3.812155390697435919e+00,2.072632895018819532e+00,4.072632895018818644e+00
3.054541004845628649e+01,2.614801857689479192e+01,3.851952797788554150e+00,3.492478644736523474e+00,2.020284327435330596e+00,4.020284327435331484e+00
3.083223040777353319e+01,2.635444592176733636e+01,3.861951865502290193e+00,3.214432578229443838e+00,1.988119323632462354e+00,3.988119323632462354e+00
3.124771132347573754e+01,2.671247097484229371e+01,3.828039726729837611e+00,3.315672113763566742e+00,2.015891426760077820e+00,4.015891426760077820e+00
3.173949812119759883e+01,2.716244895884998556e+01,3.826500995301325592e+00,3.564859116876023304e+00,2.055861579534076888e+00,4.055861579534077777e+00
3.218669881719131354e+01,2.756067767148708469e+01,3.875686565568281949e+00,3.635156074846864982e+00,2.064123253070230923e+00,4.064123253070230923e+00
3.253621573603201966e+01,2.784471618859901554e+01,3.919914766570095299e+00,3.462288397381941163e+00,2.038919947398634580e+00,4.038919947398634136e+00
3.279751984017445920e+01,2.802781699557186457e+01,3.899840735540357706e+00,3.147333390967974154e+00,1.996290605348933767e+00,3.996290605348933767e+00
3.299258270220190781e+01,2.813866008970139632e+01,3.804141022513551018e+00,2.778567121062760936e+00,1.945909842503771525e+00,3.945909842503771969e+00
3.348077783506590777e+01,2.859357362411278913e+01,3.716115681531632298e+00,3.196625629298058158e+00,2.017902874117685208e+00,4.017902874117685208e+00
3.370617246119803667e+01,2.875145759034177217e+01,3.683286128622099920e+00,2.884068710440234717e+00,1.952571043147792285e+00,3.952571043147792285e+00
3.417361126915312752e+01,2.918460139794508734e+01,3.638696372828540415e+00,3.208667380940704916e+00,2.005951437167398321e+00,4.005951437167398765e+00
3.438556712585496200e+01,2.932815753574928763e+01,3.604260640356158341e+00,2.871295584922742172e+00,1.935951580612845779e+00,3.935951580612845557e+00
3.478761542223762149e+01,2.968505268271844599e+01,3.568138273790860016e+00,3.036632065037736083e+00,1.966778317579056967e+00,3.966778317579056967e+00
3.502224485307669255e+01,2.985377927776051621e+01,3.528715208253837776e+00,2.795209081607095136e+00,1.914620205573631884e+00,3.914620205573631218e+00
3.561804048803443123e+01,3.043027636833874894e+01,3.515503699937843507e+00,3.408335892366842312e+00,2.015899240996823050e+00,4.015899240996823494e+00
3.596645010966904010e+01,3.072636550340453709e+01,3.588554659016874204e+00,3.297636070950602516e+00,1.977299940305154546e+00,3.977299940305154990e+00
3.642511125483128609e+01,3.113779885431892680e+01,3.645848902408434622e+00,3.441911812969205009e+00,2.003983335973406721e+00,4.003983335973407165e+00
3.660458273288978859e+01,3.123585599663888246e+01,3.635549526071267579e+00,2.970985162705087834e+00,1.917293654164073935e+00,3.917293654164074379e+00
3.702427667423269497e+01,3.160269300567238204e+01,3.615073022562441896e+00,3.129702195438516021e+00,1.958326182677200933e+00,3.958326182677200489e+00
3.739546369845783857e+01,3.191844612804185743e+01,3.625011625024513240e+00,3.136636780365669175e+00,1.954997068187256160e+00,3.954997068187256826e+00
3.790342299770738776e+01,3.238726199450290721e+01,3.664944236236977737e+00,3.435925606998739834e+00,2.003050225767096570e+00,4.003050225767095682e+00
3.814910558527735418e+01,3.256118616491241369e+01,3.681747479358094655e+00,3.097811094283450029e+00,1.934581869624825146e+00,3.934581869624825146e+00
3.878690426949493997e+01,3.317288188645262181e+01,3.703995784481393549e+00,3.699510998790231042e+00,2.044796986595836863e+00,4.044796986595835975e+00
3.915534711565486248e+01,3.348091801436719805e+01,3.817202245377624426e+00,3.532746646976597571e+00,2.005691738134868896e+00,4.005691738134868451e+00
3.950618727894449478e+01,3.376414754794137707e+01,3.850707372821141838e+00,3.386237907890343735e+00,1.988299718781064929e+00,3.988299718781064929e+00
3.993188113686817076e+01,3.413324437952062596e+01,3.858595410141496984e+00,3.452494790595945329e+00,2.008010238136272996e+00,4.008010238136272108e+00
4.024247972523011185e+01,3.437415579044820646e+01,3.861082467381345307e+00,3.245400650442082480e+00,1.976347947083738177e+00,3.976347947083737733e+00
4.062883597841766914e+01,3.470289265837423898e+01,3.836403341999020888e+00,3.271798002647656745e+00,1.987737678684767584e+00,3.987737678684768028e+00
4.108179678129572920e+01,3.510953712818098893e+01,3.839642253870332311e+00,3.438841964571727416e+00,2.015958050659782952e+00,4.015958050659782508e+00
4.138937898539787597e+01,3.535210930848960231e+01,3.836238052723355274e+00,3.238417299484958711e+00,1.979123320801087660e+00,3.979123320801087438e+00
4.190160888394801475e+01,3.582688980807103718e+01,3.819617152119981984e+00,3.557177725989141948e+00,2.036925488619377500e+00,4.036925488619377056e+00
4.187452103649065549e+01,3.569200898177184911e+01,3.733746099037695387e+00,2.636561684195461108e+00,1.867875629964700579e+00,3.867875629964700579e+00
4.245598681945065778e+01,3.625309039056931226e+01,3.612319768390879204e+00,3.313444577320480811e+00,2.000563721352836666e+00,4.000563721352836666e+00
4.293431858126439238e+01,3.669934682042070762e+01,3.659403476155102197e+00,3.521600517502380345e+00,2.020553101535100815e+00,4.020553101535100815e+00
4.339911145160895956e+01,3.712018729168876519e+01,3.743184770505505021e+00,3.624384817368226486e+00,2.033076554064451980e+00,4.033076554064452424e+00
4.380145648254976720e+01,3.746426278533070331e+01,3.820663811553445477e+00,3.561915224718664508e+00,2.023709036273948936e+00,4.023709036273948492e+00
4.430112233473821703e+01,3.791421781121221102e+01,3.878094556278658622e+00,3.728616807725860127e+00,2.060406852104721409e+00,4.060406852104720521e+00
4.460060944899513657e+01,3.813814503636744035e+01,3.937716693220572939e+00,3.412205061624299596e+00,2.010690745374634325e+00,4.010690745374635213e+00
4.496129876030343553e+01,3.843171011526862912e+01,3.918994121395465768e+00,3.334042226960090005e+00,2.011176595933548583e+00,4.011176595933548583e+00
4.530524611672677082e+01,3.871072090814818978e+01,3.891260954582241638e+00,3.242563451009636832e+00,2.002766689995168825e+00,4.002766689995167937e+00
4.575466991707062903e+01,3.911295794792091840e+01,3.874098326802227543e+00,3.415870245004588579e+00,2.035245949467817450e+00,4.035245949467817894e+00
4.609174841167357783e+01,3.938936188565213570e+01,3.869343184645050560e+00,3.292060345297890933e+00,2.011043758514559521e+00,4.011043758514559521e+00
4.619335589383213403e+01,3.939969270892387243e+01,3.747916965814464429e+00,2.709056227755478385e+00,1.912804497659724268e+00,3.912804497659724490e+00
4.661455094822859735e+01,3.977911418669360444e+01,3.651592819550483870e+00,2.986022919727802094e+00,1.971067478897270853e+00,3.971067478897270853e+00
4.684655878254625350e+01,3.994640966219785838e+01,3.595312195948479950e+00,2.745893338016307528e+00,1.919948958715661957e+00,3.919948958715661735e+00
4.732437737143773404e+01,4.039458804549715154e+01,3.550665563955802018e+00,3.126893370070840561e+00,1.979033493437426294e+00,3.979033493437426294e+00
4.763970670342951053e+01,4.065759640893841720e+01,3.552274050775156677e+00,3.030493687918681012e+00,1.945936270941337254e+00,3.945936270941337476e+00
4.795338444248309173e+01,4.091484204064290253e+01,3.531028062935596790e+00,2.956503174237586240e+00,1.928346884317446053e+00,3.928346884317445831e+00
4.844605201907329217e+01,4.137057217464860770e+01,3.564375224128247588e+00,3.270336838021233650e+00,1.980511713796680562e+00,3.980511713796680340e+00
4.865743234854397770e+01,4.151283778764798171e+01,3.526390773436367088e+00,2.931973390873226393e+00,1.904302926836248355e+00,3.904302926836248577e+00
4.910935853795659511e+01,4.192038152077338253e+01,3.541951564386768947e+00,3.165116999580940504e+00,1.951794737155247317e+00,3.951794737155247539e+00
4.978847336529436518e+01,4.257775214733754865e+01,3.660724522835756112e+00,3.783243961944787515e+00,2.055144393805464986e+00,4.055144393805464098e+00
5.003020966950455772e+01,4.274411377768492315e+01,3.772095781047611229e+00,3.325993911669235192e+00,1.957108738387320024e+00,3.957108738387320024e+00
5.030965258449944599e+01,4.294877867480587952e+01,3.736529948403642276e+00,3.100644260189405976e+00,1.930136722978092356e+00,3.930136722978092578e+00
5.103535815652644914e+01,4.365554184159647377e+01,3.772909810151654497e+00,3.867618922775712953e+00,2.074999792775745533e+00,4.074999792775745533e+00
5.134637501677453031e+01,4.389539226869196398e+01,3.921670049996669238e+00,3.515824139455535846e+00,2.000902716775841306e+00,4.000902716775841306e+00
5.191070096570814485e+01,4.441723518158106998e+01,3.938328458166728385e+00,3.846738917401763214e+00,2.069515646539232812e+00,4.069515646539233700e+00
5.208251309504966287e+01,4.449434787275216507e+01,4.014976260010105769e+00,3.200270849083223901e+00,1.963460722917071521e+00,3.963460722917071521e+00
5.257481654558733908e+01,4.493809509961500481e+01,3.961115329289712328e+00,3.484869608663207607e+00,2.030738151037944306e+00,4.030738151037944306e+00
5.287919856134331553e+01,4.517356348087336926e+01,3.954132305549334259e+00,3.263268805075564938e+00,1.992156806460675389e+00,3.992156806460675167e+00
5.320002280177526188e+01,4.542990774826149192e+01,3.899164342896234370e+00,3.151704223361017299e+00,1.979653466091409797e+00,3.979653466091409797e+00
5.356007890657016901e+01,4.573458068645771135e+01,3.847810510845755427e+00,3.156998894308991499e+00,1.983715744417593907e+00,3.983715744417593463e+00
5.393473865226960129e+01,4.605804235520593437e+01,3.813592589948847422e+00,3.192257359977965336e+00,1.987675459098539488e+00,3.987675459098539488e+00
5.452016039181653895e+01,4.661820861242135550e+01,3.843802027530942578e+00,3.666407082328283273e+00,2.065957741785935387e+00,4.065957741785934942e+00
5.491835013342904404e+01,4.696410494478462994e+01,3.908205964250184739e+00,3.599090460738941566e+00,2.042779863666025708e+00,4.042779863666026152e+00
5.509640057701148663e+01,4.705958766716138797e+01,3.856697816369293097e+00,3.106350231143303997e+00,1.958547934859789397e+00,3.958547934859788953e+00
5.550517610946349834e+01,4.741465395081498002e+01,3.814569683478014728e+00,3.222718817249438761e+00,1.997428066228988275e+00,3.997428066228987831e+00
5.593212565104362000e+01,4.779336419403336578e+01,3.817898694676989280e+00,3.339012605668596034e+00,2.016989170795344233e+00,4.016989170795344677e+00
5.608295870135683003e+01,4.786458917198366692e+01,3.710677601027142281e+00,2.876914833579350628e+00,1.926060905153795355e+00,3.926060905153795133e+00
5.662604367152083285e+01,4.837887441285906931e+01,3.680938581784710451e+00,3.357337277180858504e+00,2.019954080102744243e+00,4.019954080102744243e+00
5.699111793450173735e+01,4.869320033222948041e+01,3.708822214443843635e+00,3.308137047579022827e+00,1.997585429867465345e+00,3.997585429867465123e+00
5.725591190485092596e+01,4.889259507915762271e+01,3.664250913020274947e+00,3.076939520699750741e+00,1.953447353723669844e+00,3.953447353723670510e+00
5.752542201714224746e+01,4.909669391742268374e+01,3.599355173827115451e+00,2.908138315385623063e+00,1.929262974360563598e+00,3.929262974360563376e+00
5.799418514304574046e+01,4.952505380957386905e+01,3.603140914959633623e+00,3.190229355867302719e+00,1.981938895314285132e+00,3.981938895314284910e+00
5.844204190423661771e+01,4.992890213425655332e+01,3.661223354954933562e+00,3.337492843222714001e+00,1.997736769144930591e+00,3.997736769144930591e+00
5.895600202916993027e+01,5.040005940817871988e+01,3.768221232563745193e+00,3.565683565686537992e+00,2.034088979240597617e+00,4.034088979240597617e+00
5.928288870634260377e+01,5.066176737429894672e+01,3.803626733298119511e+00,3.367165803876901009e+00,1.991485109990185576e+00,3.991485109990185354e+00
5.981250305872980277e+01,5.114487818183345524e+01,3.877387077353399381e+00,3.631367117914069187e+00,2.048706749736263433e+00,4.048706749736263433e+00
6.010655980495316442e+01,5.136720053423018584e+01,3.896595569638309886e+00,3.343371346990013926e+00,1.995412595074577133e+00,3.995412595074577133e+00
6.062921272772209136e+01,5.184433394583980004e+01,3.928542254599128203e+00,3.620175273531420324e+00,2.055920476711384559e+00,4.055920476711384559e+00
6.082632628643872863e+01,5.195929121633507464e+01,3.894607360858680423e+00,3.141594002014852727e+00,1.969332069565675525e+00,3.969332069565674637e+00
6.124763325339635145e+01,5.232721798646820588e+01,3.861923077762227763e+00,3.271080123223264025e+00,2.007716452269277863e+00,4.007716452269277418e+00
6.163577133372071870e+01,5.266140430227621749e+01,3.852018178608033416e+00,3.292266638225116449e+00,2.010124531260371050e+00,4.010124531260371050e+00
6.202099801780300936e+01,5.299279606386414798e+01,3.844402570902953897e+00,3.303072290945697098e+00,2.010962751331821785e+00,4.010962751331821785e+00
6.234979094320665638e+01,5.326191370684001214e+01,3.807225396752962787e+00,3.198895991006259543e+00,1.991491266806255211e+00,3.991491266806255656e+00
6.269667608063313935e+01,5.355178598892737085e+01,3.769929641236126283e+00,3.157444649658048164e+00,1.986958388835642131e+00,3.986958388835642353e+00
6.305665344600974009e+01,5.385705188586873504e+01,3.743563021468588659e+00,3.150509070898337871e+00,1.986293325258135400e+00,3.986293325258134956e+00
6.335484042917873637e+01,5.409485423102986346e+01,3.683819650555117509e+00,3.022676136184597961e+00,1.961046347420712044e+00,3.961046347420712266e+00
6.380509059150123363e+01,5.450128305207653767e+01,3.704639432915215025e+00,3.231272115199693484e+00,1.999426984256096773e+00,3.999426984256096329e+00
6.416252711410915310e+01,5.480484421494018221e+01,3.703399375745529465e+00,3.197787295268450958e+00,1.983709299432730999e+00,3.983709299432731221e+00
6.471607143573831422e+01,5.532024127270514668e+01,3.814652134012168627e+00,3.549392222385097995e+00,2.047834120559285154e+00,4.047834120559285154e+00
6.497670574376114416e+01,5.551343845076933547e+01,3.781230478072801215e+00,3.244912970225304782e+00,1.979246498562116319e+00,3.979246498562116319e+00
6.541028943045166955e+01,5.589394510377761804e+01,3.808640358866595133e+00,3.351056624773788961e+00,2.010456376473167772e+00,4.010456376473166884e+00
6.572257547541578049e+01,5.614311680937582594e+01,3.770863475085949990e+00,3.198832052514769320e+00,1.980761136856774574e+00,3.980761136856774129e+00
6.622451238900927706e+01,5.660035965292274796e+01,3.833527114715376438e+00,3.453114425457190162e+00,2.033748307526419108e+00,4.033748307526419552e+00
6.643391002487908281e+01,5.673753847254952376e+01,3.744362111569525364e+00,3.082262391152270187e+00,1.955812018868611446e+00,3.955812018868611002e+00
6.696628867838913379e+01,5.723002491976707518e+01,3.798890096963122964e+00,3.435470237862074505e+00,2.032972247502008667e+00,4.032972247502009111e+00
6.733089809539252713e+01,5.753790005199419966e+01,3.815773438475169144e+00,3.360698176807298321e+00,2.009750983042998485e+00,4.009750983042998485e+00
6.760670194643208220e+01,5.774737617434664116e+01,3.751963971106992535e+00,3.141566761545102615e+00,1.970304176937719198e+00,3.970304176937719198e+00
6.799412030294297438e+01,5.808038503598456970e+01,3.740841837915362955e+00,3.190109883197908225e+00,1.987997587151181245e+00,3.987997587151181467e+00
6.854541618857574292e+01,5.859355670969889474e+01,3.834811663686650274e+00,3.542113011879691076e+00,2.052330634795268338e+00,4.052330634795268338e+00
6.888320662697532271e+01,5.887044974996170765e+01,3.849569424580196131e+00,3.385319659156055927e+00,2.012149375713557564e+00,4.012149375713557120e+00
6.921659918128274569e+01,5.914113050310358943e+01,3.821047894048407834e+00,3.267310199547472482e+00,1.996009081765886872e+00,3.996009081765886872e+00
6.972864601512301874e+01,5.960805517822019794e+01,3.889646898663098984e+00,3.523047897328050571e+00,2.050914621571755525e+00,4.050914621571755525e+00
7.010852394782138219e+01,5.993027995979964828e+01,3.906188583942877379e+00,3.455021157810795440e+00,2.033322005399709198e+00,4.033322005399709198e+00
7.023378206381997302e+01,5.997172167877673843e+01,3.752215292395271629e+00,2.928391164500054877e+00,1.936515017048634268e+00,3.936515017048634046e+00
7.055093093997442111e+01,6.022902415918750307e+01,3.664935145994438148e+00,2.902496498428869920e+00,1.950809360294387451e+00,3.950809360294387673e+00
7.101210922333488895e+01,6.065154335488530535e+01,3.659408701032917044e+00,3.176382526795986205e+00,1.998331405454779164e+00,3.998331405454778942e+00
7.136473394922387570e+01,6.095215224393591313e+01,3.658311007021035177e+00,3.145673032874772179e+00,1.980239442324134513e+00,3.980239442324134735e+00
7.171501068927921096e+01,6.124787131141533081e+01,3.647744964654301647e+00,3.117659405719882759e+00,1.971314270952131409e+00,3.971314270952131853e+00
7.218397792885174624e+01,6.167206073931598098e+01,3.708644745252275055e+00,3.318421622517717218e+00,2.008130120791954631e+00,4.008130120791954631e+00
7.266086875243858856e+01,6.210167266118436658e+01,3.801647833698104773e+00,3.474432914247588489e+00,2.030689369372109532e+00,4.030689369372109532e+00
7.319892465755540911e+01,6.259460614067118911e+01,3.921785849019775672e+00,3.707592032280007555e+00,2.071021454090602454e+00,4.071021454090601566e+00
7.339618090140545803e+01,6.271077615993340260e+01,3.893144751549757920e+00,3.214791859990709266e+00,1.976226227636206811e+00,3.976226227636206367e+00
7.382975544417843139e+01,6.308876314281508257e+01,3.886302877714431059e+00,3.335746812518501248e+00,2.017066088490033327e+00,4.017066088490033771e+00
7.412292492430228208e+01,6.331567854081838220e+01,3.825956231595652124e+00,3.152379657697864879e+00,1.982539590429889254e+00,3.982539590429889476e+00
7.460440234508419621e+01,6.375265184387669848e+01,3.856872186174420403e+00,3.386038842872542975e+00,2.032068284528567137e+00,4.032068284528567581e+00
7.491883007116190640e+01,6.400618390170735950e+01,3.819994552911023522e+00,3.235651087773291579e+00,1.996124793851736801e+00,3.996124793851736356e+00
7.537996072000359504e+01,6.442006278140334530e+01,3.857577032874835332e+00,3.402956903447140302e+00,2.032805132026901607e+00,4.032805132026902051e+00
7.587972555301561783e+01,6.487438382514675084e+01,3.941934045711747103e+00,3.597043788343925907e+00,2.065854573347214895e+00,4.065854573347214895e+00
7.628308732552670790e+01,6.522130840346594027e+01,3.975229787172122276e+00,3.556883282386077205e+00,2.054574742358965089e+00,4.054574742358965089e+00
7.651070876628250517e+01,6.537403553465931338e+01,3.888822798509834477e+00,3.192605641885549073e+00,1.991400219886565681e+00,3.991400219886565903e+00
7.685602968583043548e+01,6.565903390846091270e+01,3.828261375881779394e+00,3.154973031343295986e+00,1.999995724964424015e+00,3.999995724964423349e+00
7.733867802278911086e+01,6.609825601543514040e+01,3.863157584139746081e+00,3.392427706956610667e+00,2.047350376740237898e+00,4.047350376740237898e+00
7.767834887210831596e+01,6.638030027338096772e+01,3.838627316610924378e+00,3.293101559235240838e+00,2.020046158657577529e+00,4.020046158657578417e+00
7.782545906304603989e+01,6.645275690821375747e+01,3.650453852854853576e+00,2.873089487587386248e+00,1.938951892179014314e+00,3.938951892179014092e+00
7.808747894123260380e+01,6.665330960712053354e+01,3.542386981236140819e+00,2.747838172788652056e+00,1.931355141970484635e+00,3.931355141970484635e+00
7.846167530109265442e+01,6.698121053294967453e+01,3.505780088443425591e+00,2.875583162605356513e+00,1.954399549577533923e+00,3.954399549577534145e+00
7.886093853571641432e+01,6.733703231192308181e+01,3.516836718985777654e+00,3.016665682634317669e+00,1.967329910808561788e+00,3.967329910808561788e+00
7.941594123581094777e+01,6.786189343613489200e+01,3.618507238074576193e+00,3.422162976400705769e+00,2.029208857470773175e+00,4.029208857470772287e+00
7.971354234330669897e+01,6.810033321363533787e+01,3.613159972728695379e+00,3.232107938492304822e+00,1.972903976917524282e+00,3.972903976917525171e+00
7.998132633109284484e+01,6.830397908686384767e+01,3.547806100335865409e+00,3.036788786216100267e+00,1.938024884046221086e+00,3.938024884046220642e+00
8.041913624455318654e+01,6.869065973574180362e+01,3.603044447698003694e+00,3.181835328355525849e+00,1.976241651854114600e+00,3.976241651854114600e+00
8.089347942501244404e+01,6.911574746369662137e+01,3.705707658974908281e+00,3.351202927913477403e+00,2.004866202254181218e+00,4.004866202254181218e+00
8.126208113017533208e+01,6.942502141723262810e+01,3.734355599359810096e+00,3.291252953867001452e+00,1.985215367694419752e+00,3.985215367694419530e+00
8.165203070212744763e+01,6.975666647892167305e+01,3.760166533417796497e+00,3.288446934909161179e+00,1.986750340505357482e+00,3.986750340505357038e+00
8.203343709218738411e+01,7.007960839227790473e+01,3.773723243462993704e+00,3.273555206350590385e+00,1.985149157792879926e+00,3.985149157792879926e+00
8.250545260389135649e+01,7.050124829058438536e+01,3.845664061082882057e+00,3.434129149385698909e+00,2.017517839498942145e+00,4.017517839498942145e+00
8.280835132731201043e+01,7.073892731914209264e+01,3.810183672785061759e+00,3.238563091511138747e+00,1.976002329879534392e+00,3.976002329879534614e+00
8.332299973559997852e+01,7.120761123402907344e+01,3.891420099239985664e+00,3.498952203968043850e+00,2.032801330216867264e+00,4.032801330216867264e+00
8.366085401410026634e+01,7.148330210576840216e+01,3.883063489099475074e+00,3.354034449372841120e+00,1.999819474002144215e+00,3.999819474002143771e+00
8.418545092546325748e+01,7.196278598902354418e+01,3.959820494828313997e+00,3.611188270862993210e+00,2.054701330451410346e+00,4.054701330451409902e+00
8.440103237878818732e+01,7.210289643907189827e+01,3.886293471665952737e+00,3.200571382740441617e+00,1.974243052878909666e+00,3.974243052878909666e+00
8.475742274603467763e+01,7.239960150063798494e+01,3.833911402209817965e+00,3.179581525972852152e+00,1.985730118250188525e+00,3.985730118250188969e+00
8.512814352887944835e+01,7.271518484165784457e+01,3.805902695118146273e+00,3.188760406733107455e+00,1.990548773984107234e+00,3.990548773984107456e+00
8.539028702247581748e+01,7.291348126755573844e+01,3.709417701702757419e+00,2.996031617728841745e+00,1.951102902047934462e+00,3.951102902047934684e+00
8.596834173702686144e+01,7.346102383587800944e+01,3.786246342869103998e+00,3.468110348228437889e+00,2.041644325556573936e+00,4.041644325556573492e+00
8.637866498537174209e+01,7.382120650491160063e+01,3.840153097785006242e+00,3.475197223286144776e+00,2.027391199412216238e+00,4.027391199412216238e+00
8.678878174360279729e+01,7.417654127388298946e+01,3.880864152697984348e+00,3.476651252469731279e+00,2.028081579052469774e+00,4.028081579052470218e+00
8.712410283195448812e+01,7.444958582151615190e+01,3.857570609173061715e+00,3.342940116801483619e+00,2.005204590586347368e+00,4.005204590586346924e+00
8.754433657377119005e+01,7.481470791690381361e+01,3.881754759033614111e+00,3.397207909113785007e+00,2.024900213034313445e+00,4.024900213034314334e+00
8.789127834818413021e+01,7.510121012541752350e+01,3.856382762146443266e+00,3.304896175531840452e+00,2.008379854655553576e+00,4.008379854655553132e+00
8.843488412953919919e+01,7.560132488679229823e+01,3.960446057734892111e+00,3.602201388151191619e+00,2.071422261400105658e+00,4.071422261400106102e+00
8.876295546848740514e+01,7.586635813136138040e+01,3.943648273934975634e+00,3.419139159946451567e+00,2.029612208435364273e+00,4.029612208435364273e+00
8.892640495064078721e+01,7.595194255361167279e+01,3.774321341625662463e+00,2.994242957506099145e+00,1.953926414428606373e+00,3.953926414428606595e+00
8.939027315961624254e+01,7.637199300643823108e+01,3.769604478695976368e+00,3.244595496500080056e+00,2.017765345822345679e+00,4.017765345822345679e+00
8.976027753290206590e+01,7.668925039880767258e+01,3.764522660588942582e+00,3.234616582409902907e+00,2.009103222150113499e+00,4.009103222150113943e+00
9.015253544657677764e+01,7.702927237523000770e+01,3.773393877252860129e+00,3.266316471097328922e+00,2.013874993768380861e+00,4.013874993768380861e+00
9.055656056021155109e+01,7.738082369793875159e+01,3.795037853749909651e+00,3.309457465581534752e+00,2.020706790622404991e+00,4.020706790622405435e+00
9.079741339651344845e+01,7.755584617609054021e+01,3.684738533744733591e+00,3.054538958233844248e+00,1.966497920748995432e+00,3.966497920748996542e+00
9.109801272713822584e+01,7.779654184493998059e+01,3.616133983320766632e+00,2.959492264194231836e+00,1.957361112134617276e+00,3.957361112134617720e+00
9.153997167487412412e+01,7.819349848948463944e+01,3.642182679593632955e+00,3.155493779320325931e+00,1.995731607887906378e+00,3.995731607887907266e+00
9.192559139522116141e+01,7.852762486227570093e+01,3.665361555017589090e+00,3.185247191067630990e+00,1.991847783862042753e+00,3.991847783862043197e+00
9.228967129496663802e+01,7.883655076838168441e+01,3.669652751178352545e+00,3.167842852612382742e+00,1.983601093997360509e+00,3.983601093997360287e+00
9.255953092282982198e+01,7.904362060144245561e+01,3.594535120699033914e+00,2.993635774412981121e+00,1.945105829086074767e+00,3.945105829086074323e+00
9.316706325965071755e+01,7.961765584200945511e+01,3.731769892219960916e+00,3.486291619725645941e+00,2.044142551840576694e+00,4.044142551840576694e+00
9.367150852309774223e+01,8.007498302236000143e+01,3.877553991591542459e+00,3.639173736397899983e+00,2.058615865883947293e+00,4.058615865883947293e+00
9.407947253955282463e+01,8.042413644514370219e+01,3.936240096193328597e+00,3.579188593139415175e+00,2.043556224441268832e+00,4.043556224441269720e+00
9.426241530950325398e+01,8.052548220073825291e+01,3.844227472662942180e+00,3.117392727172183964e+00,1.961710761928445734e+00,3.961710761928446178e+00
9.484684021759011330e+01,8.107077754924415558e+01,3.918664327599989061e+00,3.548538709370646416e+00,2.063614176082189555e+00,4.063614176082189111e+00
9.515579435098021577e+01,8.131402117000128271e+01,3.904626161949467988e+00,3.336789032184710457e+00,2.013346421800319419e+00,4.013346421800319419e+00
9.551692705491977620e+01,8.161518541580976205e+01,3.877457027487355212e+00,3.287856940087717117e+00,2.012134106430377045e+00,4.012134106430376157e+00
9.587935644733096296e+01,8.191984259518815747e+01,3.850305676947204603e+00,3.254719779496673127e+00,2.010061665756819771e+00,4.010061665756819771e+00
9.641626066821822860e+01,8.241552369516071508e+01,3.938408396638049869e+00,3.553046679656775453e+00,2.071007272601152582e+00,4.071007272601153026e+00
9.686697594184657589e+01,8.281483096471743011e+01,4.001071218029006005e+00,3.613465689852971341e+00,2.074324573031524732e+00,4.074324573031525176e+00
9.726411666277779489e+01,8.315387493925473450e+01,4.018280951202118700e+00,3.560001518817921706e+00,2.065512880377966987e+00,4.065512880377967875e+00
9.746309487231377489e+01,8.327537181701899272e+01,3.902232687763704799e+00,3.153470549634092457e+00,1.993699702582939270e+00,3.993699702582939715e+00
9.776187474524118670e+01,8.351037276413597965e+01,3.802679126535647214e+00,3.041930325192013562e+00,1.990326986613723648e+00,3.990326986613723648e+00
9.814753367004573192e+01,8.384544272798714815e+01,3.768109120717815674e+00,3.120419167589242537e+00,2.010641333250478446e+00,4.010641333250478446e+00
9.848092741597974964e+01,8.412398121366884141e+01,3.722457012128609133e+00,3.073919119659352273e+00,1.997004694973882222e+00,3.997004694973882444e+00
9.879614366798801939e+01,8.438273221696367443e+01,3.668567424290739343e+00,3.004815417223984486e+00,1.980951363518725916e+00,3.980951363518725916e+00
9.930251129658154241e+01,8.485208237336082959e+01,3.725995739082997193e+00,3.321846096367207846e+00,2.038369008696838680e+00,4.038369008696838236e+00
9.969156880649551056e+01,8.519005752147442934e+01,3.754198176915080065e+00,3.324923069024634081e+00,2.025237511696508896e+00,4.025237511696508008e+00
1.001363461118718732e+02,8.558400318642554794e+01,3.824608119552511010e+00,3.417426019140249682e+00,2.043383833768715352e+00,4.043383833768714908e+00
1.004225562249179546e+02,8.580679530362877472e+01,3.755684701437809192e+00,3.218876465275509080e+00,1.998626370598018731e+00,3.998626370598018731e+00
1.007936388900133977e+02,8.612075480866744215e+01,3.747253053488105223e+00,3.210330559205955225e+00,2.006915043444062796e+00,4.006915043444062796e+00
1.010507993295348541e+02,8.631351196597998410e+01,3.642174991722139765e+00,3.005485519416894569e+00,1.966417339697892341e+00,3.966417339697892341e+00
1.014259639734019913e+02,8.663540990440483824e+01,3.631308357867002456e+00,3.055342230738494536e+00,1.983564170520391690e+00,3.983564170520391023e+00
1.017291958986628231e+02,8.687980491834888142e+01,3.579594161702974286e+00,2.955758983594254818e+00,1.960456371748815263e+00,3.960456371748815485e+00
1.020588908024952701e+02,8.715334205682546553e+01,3.550126100797036610e+00,2.929443469186112647e+00,1.954001362600406244e+00,3.954001362600406466e+00
1.025901629707953049e+02,8.764750796694015378e+01,3.651222989499226745e+00,3.296003979504384951e+00,2.018298077895569698e+00,4.018298077895568809e+00
1.030002963847606168e+02,8.800644098844705354e+01,3.714825216952708953e+00,3.330885243101604054e+00,2.008679353495126829e+00,4.008679353495127273e+00
1.033550561853881931e+02,8.830298654316129614e+01,3.717723446471702164e+00,3.261409160061238044e+00,1.990288851245638924e+00,3.990288851245638924e+00
1.036353248549389292e+02,8.851969676532988274e+01,3.639615757230941107e+00,3.082762821087834837e+00,1.955957696034842597e+00,3.955957696034842819e+00
1.039913819915565796e+02,8.881849662828123826e+01,3.627335304387786952e+00,3.072703880291644207e+00,1.961999900387866091e+00,3.961999900387866091e+00
1.045073031397953400e+02,8.928942811618716746e+01,3.750307706231660099e+00,3.350180088488439623e+00,2.017054573991320154e+00,4.017054573991320154e+00
1.048591310667892884e+02,8.958278511776715902e+01,3.752101664023542060e+00,3.269161990571586518e+00,1.988174386201778221e+00,3.988174386201777555e+00
1.052723392259766229e+02,8.994085141034079811e+01,3.793141896688969616e+00,3.316105585139146772e+00,1.999829465517089622e+00,3.999829465517089844e+00
1.056774833194559733e+02,9.029013355890283776e+01,3.824291676732563872e+00,3.339601259047267678e+00,2.003794201170411071e+00,4.003794201170411071e+00
1.059724540912558837e+02,9.052155825979755832e+01,3.755462506948900714e+00,3.165994222725390994e+00,1.968553020143911425e+00,3.968553020143910981e+00
1.061383590226559761e+02,9.061534230257089462e+01,3.566561564705695186e+00,2.814179939428899768e+00,1.902857199543675604e+00,3.902857199543675826e+00
1.066643602511406357e+02,9.110629587401967910e+01,3.615562328800652647e+00,3.223053275525737948e+00,1.990218390969208828e+00,3.990218390969208606e+00
1.071039058308928986e+02,9.149992217246587245e+01,3.694308058115644222e+00,3.332905647915264780e+00,1.997332316988487344e+00,3.997332316988486678e+00
1.075837150437091339e+02,9.193060583977890587e+01,3.812511101896254306e+00,3.474837955480799767e+00,2.020773637167535330e+00,4.020773637167535774e+00
1.081121116488214398e+02,9.240944616350003571e+01,3.958468624187279072e+00,3.671844217445920933e+00,2.056399878302074491e+00,4.056399878302074491e+00
1.084647306118544776e+02,9.269734282973567474e+01,3.973221521402741985e+00,3.495053757690456564e+00,2.020782487089361812e+00,4.020782487089361368e+00
1.085916312486751991e+02,9.273653754797518900e+01,3.824277563664252089e+00,2.955552153580589092e+00,1.926612515437432283e+00,3.926612515437432283e+00
1.092275285844438741e+02,9.334459650128256669e+01,3.881993877901256162e+00,3.551713552175365773e+00,2.058480521940694530e+00,4.058480521940694530e+00
1.094801993572589112e+02,9.353009895601553580e+01,3.831868531799000444e+00,3.251323474472821218e+00,1.981825499204471264e+00,3.981825499204470820e+00
1.097825874849845036e+02,9.377040054209521713e+01,3.760614650119965319e+00,3.125724382350019148e+00,1.966418351064043168e+00,3.966418351064043168e+00
1.102439944976350574e+02,9.418541277405034862e+01,3.800424592090966058e+00,3.307430100318386135e+00,2.010984020453032262e+00,4.010984020453032706e+00
1.106126537206613989e+02,9.449891245268368323e+01,3.797315501502784407e+00,3.277582486780988624e+00,1.997613932694378702e+00,3.997613932694378480e+00
1.110060943946936618e+02,9.483828188084874000e+01,3.808422178861929908e+00,3.296912170689655586e+00,2.002252527484512434e+00,4.002252527484513323e+00
1.114301579917967757e+02,9.520991498290342747e+01,3.844611403753759316e+00,3.363371879491400485e+00,2.016184006055426803e+00,4.016184006055427247e+00
1.117600135541870401e+02,9.547966064123264118e+01,3.807799683054600592e+00,3.253686017393218499e+00,1.990826485305520421e+00,3.990826485305520421e+00
1.122551641064714545e+02,9.592761512727928164e+01,3.888546539416747994e+00,3.456636751270605767e+00,2.038933740015613783e+00,4.038933740015613338e+00
1.124690144487941126e+02,9.607164157954490236e+01,3.769042581034308004e+00,3.124910543454711753e+00,1.962206208966019716e+00,3.962206208966019716e+00
1.129551706253593295e+02,9.651187492094436493e+01,3.823996251646348821e+00,3.352618236600163559e+00,2.022835709975336460e+00,4.022835709975336904e+00
1.134341121011438105e+02,9.694279013987797100e+01,3.907706133693409800e+00,3.502061441468396819e+00,2.047540086047742847e+00,4.047540086047742847e+00
1.138025928130356164e+02,9.725232767119865684e+01,3.911885088886452699e+00,3.422792476380009941e+00,2.026058197787982795e+00,4.026058197787983239e+00
1.141799601700329134e+02,9.757107828633449742e+01,3.905715961398674274e+00,3.381777615671619941e+00,2.023282980612271853e+00,4.023282980612272297e+00
1.144946319704853011e+02,9.782314707001573595e+01,3.844907177431736045e+00,3.243078255206635507e+00,1.999801003371348251e+00,3.999801003371347807e+00
1.150078395597454062e+02,9.829111139365002714e+01,3.928975994678317374e+00,3.489977854027108251e+00,2.058263959090503192e+00,4.058263959090502304e+00
1.152583267997347605e+02,9.847472301913612114e+01,3.832900722803757265e+00,3.213595986147055772e+00,1.993464167745496063e+00,3.993464167745495619e+00
1.153523159096817778e+02,9.848952605431857421e+01,3.597811887931578578e+00,2.747623390061622484e+00,1.904254893198740195e+00,3.904254893198740639e+00
1.160155607388817316e+02,9.914244053818228508e+01,3.565233721570058911e+00,3.532400082307479039e+00,2.057698442946141348e+00,4.057698442946142237e+00
1.163924435965573991e+02,9.947412453163491364e+01,3.639866759246817463e+00,3.467804676085401994e+00,2.024629225915611563e+00,4.024629225915611563e+00
1.168234867299209299e+02,9.985207683038206028e+01,3.736492391815032565e+00,3.487430011973525090e+00,2.035512513605786111e+00,4.035512513605786111e+00
1.171841971104100253e+02,1.001506951438294237e+02,3.764645799068135457e+00,3.384662525745572470e+00,2.018362608705304595e+00,4.018362608705304595e+00
1.174065239804027101e+02,1.003007512868259141e+02,3.662853333381206777e+00,3.078627756094557633e+00,1.961333136401142596e+00,3.961333136401142596e+00
1.177660736957876395e+02,1.006008916795240680e+02,3.643503234844536642e+00,3.076264896062834264e+00,1.977575383352444538e+00,3.977575383352444760e+00
1.180483230334501172e+02,1.008180953446776584e+02,3.593296244317929045e+00,2.923640616208310838e+00,1.949620066176022570e+00,3.949620066176022792e+00
1.184847389472829775e+02,1.012078997917003704e+02,3.609369015025850835e+00,3.113254793087328665e+00,1.986486392301689996e+00,3.986486392301689108e+00
1.188339341673342631e+02,1.015014059333942384e+02,3.612167659843933620e+00,3.078475814859943149e+00,1.970046704228342493e+00,3.970046704228342271e+00
1.191286728002932449e+02,1.017348729478399889e+02,3.567489685891517492e+00,2.954813264153311803e+00,1.941958589515146105e+00,3.941958589515146549e+00
1.195491526372254896e+02,1.021066245092420246e+02,3.596418023214292603e+00,3.096305000513622563e+00,1.969628059805300424e+00,3.969628059805300424e+00
1.199892352937846596e+02,1.024984865319791538e+02,3.662072328209649896e+00,3.231910155067475365e+00,1.987694349936033333e+00,3.987694349936032445e+00
1.204738206781033227e+02,1.029349030815247374e+02,3.775549759165529817e+00,3.407051772506691556e+00,2.015207025108660233e+00,4.015207025108660233e+00
1.209086991876057340e+02,1.033150264372126230e+02,3.849468186274564552e+00,3.454561939638014945e+00,2.016901529109955238e+00,4.016901529109955682e+00
1.212790284889679668e+02,1.036243780805276771e+02,3.862342685156465283e+00,3.378175167984978966e+00,2.001173291090567741e+00,4.001173291090568185e+00
1.215999293499769180e+02,1.038808173751322244e+02,3.819500949778937837e+00,3.236497660086780748e+00,1.978644352291371034e+00,3.978644352291370812e+00
1.219593269928282382e+02,1.041811596321893347e+02,3.792992052481744203e+00,3.202721063199085449e+00,1.979859263649017764e+00,3.979859263649017986e+00
1.225815978071905050e+02,1.047670592990938729e+02,3.962177742041692596e+00,3.661579738469764145e+00,2.072179859121852097e+00,4.072179859121852097e+00
1.229918652201442200e+02,1.051197485254905502e+02,4.023454882151197509e+00,3.606760063912398451e+00,2.048357264514288456e+00,4.048357264514288900e+00
1.233658902304115657e+02,1.054312598289687486e+02,4.026354029968287840e+00,3.506470311498770531e+00,2.034386425397064713e+00,4.034386425397064713e+00
1.236822139244443406e+02,1.056808952805753137e+02,3.970157874981499635e+00,3.329267076145532744e+00,2.010036972951434464e+00,4.010036972951434464e+00
1.239839490838083407e+02,1.059180661964112460e+02,3.880266502414847718e+00,3.178542341954141648e+00,1.991377958229102685e+00,3.991377958229103129e+00
1.242764672859652819e+02,1.061490544064709098e+02,3.779954060249739012e+00,3.049402489421123796e+00,1.973863103266864316e+00,3.973863103266864094e+00
1.247196592234070494e+02,1.065475796223913676e+02,3.793578990073836366e+00,3.235228389874416077e+00,2.013099485186720994e+00,4.013099485186721438e+00
1.249532592255524435e+02,1.067183622170541639e+02,3.664025556953249829e+00,2.989589957459570790e+00,1.954774789100320875e+00,3.954774789100321097e+00
1.251632042024394167e+02,1.068640091237278966e+02,3.517094669728829004e+00,2.743862092502017180e+00,1.913676641236032649e+00,3.913676641236032872e+00
1.254755966997990839e+02,1.071231605852191819e+02,3.453965249636449464e+00,2.740546787246875393e+00,1.918483667531960091e+00,3.918483667531960091e+00
1.258623159933056570e+02,1.074650782829182702e+02,3.454731971839698268e+00,2.885262901611608477e+00,1.936636552844503090e+00,3.936636552844502646e+00
1.263698543558105456e+02,1.079390294621757533e+02,3.538156134013509035e+00,3.229342424522287036e+00,1.984872354651392001e+00,3.984872354651392001e+00
1.269172326390338696e+02,1.084467662618521047e+02,3.727102539173959173e+00,3.515153978467824292e+00,2.026077269852948337e+00,4.026077269852947893e+00
1.273463017870917184e+02,1.088200729304800518e+02,3.826751608503283109e+00,3.518455432658631921e+00,2.014244315541596997e+00,4.014244315541596997e+00
1.277430099491119222e+02,1.091556376660629013e+02,3.875259806494043779e+00,3.468155955928016621e+00,2.006125362977626114e+00,4.006125362977626558e+00
1.282257816288294237e+02,1.095836635596573245e+02,3.966032191295497444e+00,3.594829217147305300e+00,2.037385405851852127e+00,4.037385405851853015e+00
1.286156983058707794e+02,1.099114922448889899e+02,3.993044048886024822e+00,3.519955467280925454e+00,2.024816008884090746e+00,4.024816008884092078e+00
1.289725261952154653e+02,1.102042125823825245e+02,3.973320553284744427e+00,3.410308978859816431e+00,2.011770565206275840e+00,4.011770565206274952e+00
1.293992142477726475e+02,1.105755013704597332e+02,3.984310863211108167e+00,3.465319748118050214e+00,2.031562492919873453e+00,4.031562492919873897e+00
1.296007538137726840e+02,1.107032532131115374e+02,3.835409424317047122e+00,3.093914915235740359e+00,1.961382640273777733e+00,3.961382640273777511e+00
1.300786430598371908e+02,1.111362657785292072e+02,3.866109442847563749e+00,3.333151013843409505e+00,2.022035887982143620e+00,4.022035887982143620e+00
1.305335490949659345e+02,1.115431542425932321e+02,3.922060760589055395e+00,3.456915823298186030e+00,2.040412117311406259e+00,4.040412117311406703e+00
1.308156680100431970e+02,1.117627466918494576e+02,3.833157842179033992e+00,3.249654908920289298e+00,1.992490511170307954e+00,3.992490511170307510e+00
1.313653461776524978e+02,1.122699242173877110e+02,3.953246397685539648e+00,3.558503057528719538e+00,2.065869015876165893e+00,4.065869015876166337e+00
1.315269172115697813e+02,1.123586723064652233e+02,3.782669929522957553e+00,3.118600611155429192e+00,1.963918643866275016e+00,3.963918643866275460e+00
1.320459057649446208e+02,1.128347584167389357e+02,3.854955705626595730e+00,3.413710008692832254e+00,2.042741951079118046e+00,4.042741951079118046e+00
1.322997541240050907e+02,1.130247676047581393e+02,3.753295152591825889e+00,3.170454082845001853e+00,1.982392734633833253e+00,3.982392734633832809e+00
1.327179538134307961e+02,1.133920068785548807e+02,3.773937867150796599e+00,3.262270954458861283e+00,2.012142820859961212e+00,4.012142820859961212e+00
1.331313635893005483e+02,1.137532580516793246e+02,3.805902347939302377e+00,3.318354568372742008e+00,2.021804530167795821e+00,4.021804530167795377e+00
1.335773508541363128e+02,1.141481140146501616e+02,3.865432522346908595e+00,3.415800499368180976e+00,2.040157412902708245e+00,4.040157412902708245e+00
1.337433089328177402e+02,1.142426272780938348e+02,3.681840504668096870e+00,3.025993575571427119e+00,1.951482618022278182e+00,3.951482618022278182e+00
1.339471817854679614e+02,1.143778886389513900e+02,3.548357193065807103e+00,2.771476255306938974e+00,1.916523124529442068e+00,3.916523124529442068e+00
1.345298685411374038e+02,1.149364673425017287e+02,3.565844785553493601e+00,3.336013702588856322e+00,2.024694394919098528e+00,4.024694394919098528e+00
1.348326469974942086e+02,1.151846243364625195e+02,3.568144011894861301e+00,3.179624293191395612e+00,1.973529787194326035e+00,3.973529787194325813e+00
1.353246312830659406e+02,1.156309283994881980e+02,3.679217595864847201e+00,3.379406963150414001e+00,2.019955517235164422e+00,4.019955517235164422e+00
1.356402104003607008e+02,1.158847404612605914e+02,3.667760037896202530e+00,3.229438267029248077e+00,1.980350833066580440e+00,3.980350833066580218e+00
1.360369319971210018e+02,1.162241551299794651e+02,3.703377681554382406e+00,3.248226158407458986e+00,1.992070004797147131e+00,3.992070004797146687e+00
1.366405922848650789e+02,1.167846532353759414e+02,3.889785053773120893e+00,3.619260801740888045e+00,2.071711428178861780e+00,4.071711428178861780e+00
1.369908384175853371e+02,1.170697793980340151e+02,3.925668926909776868e+00,3.451566167418155029e+00,2.026424763223316994e+00,4.026424763223316994e+00
1.373134565643551355e+02,1.173247573104779065e+02,3.892401035138846499e+00,3.291975182767614694e+00,2.002610571568038011e+00,4.002610571568038011e+00
1.376525529863382644e+02,1.176009822752400424e+02,3.847809959923878864e+00,3.209809015567738566e+00,1.995921635389142690e+00,3.995921635389143134e+00
1.380670037876325011e+02,1.179623418799446739e+02,3.855229959036627019e+00,3.286815527764945344e+00,2.016613971578499864e+00,4.016613971578499864e+00
1.385496774738779209e+02,1.183981510629281075e+02,3.922581346113807044e+00,3.467776161458828277e+00,2.050794661422355780e+00,4.050794661422355780e+00
1.388322557306474607e+02,1.186160436027091976e+02,3.853482575135030785e+00,3.246997003590579300e+00,1.999456498626676737e+00,3.999456498626676293e+00
1.391681131024156741e+02,1.188928456628002266e+02,3.800242391610220150e+00,3.178251998558666358e+00,1.994848763740780795e+00,3.994848763740780573e+00
1.395228451078007481e+02,1.191917198409357468e+02,3.766227157162855388e+00,3.156910550310830565e+00,1.994884633523559270e+00,3.994884633523559714e+00
1.398975847653771893e+02,1.195130036157798372e+02,3.753781329848008941e+00,3.174687015341922880e+00,1.998788301955096269e+00,3.998788301955096269e+00
1.403074533166715696e+02,1.198720267081399129e+02,3.776078667230793773e+00,3.249042832530324443e+00,2.011565785086733449e+00,4.011565785086734337e+00
1.407119143290585725e+02,1.202242268820179305e+02,3.799539166232730913e+00,3.294973505115088130e+00,2.016315296930496714e+00,4.016315296930496714e+00
1.413268938200274363e+02,1.207998196072285992e+02,3.995071024222437206e+00,3.690485924281683427e+00,2.096820585645863044e+00,4.096820585645863488e+00
1.415309545509127247e+02,1.209280384359928036e+02,3.919970675289663031e+00,3.244184906488941422e+00,1.995948881265807717e+00,3.995948881265807273e+00
1.419439753586212305e+02,1.212846411951593950e+02,3.914743408518209566e+00,3.311211711844564309e+00,2.026832534843356015e+00,4.026832534843356015e+00
1.421900979925677575e+02,1.214636808527058918e+02,3.786920451444178326e+00,3.075498000535765719e+00,1.977642271260562579e+00,3.977642271260562801e+00
1.428059947344606826e+02,1.220480237487148258e+02,3.912994548411827367e+00,3.566856471488961677e+00,2.084628028320814952e+00,4.084628028320814508e+00
1.429936549368715362e+02,1.221660662695723261e+02,3.784026913112443768e+00,3.168387699664800383e+00,1.983087043897950874e+00,3.983087043897951318e+00
1.433425220653572296e+02,1.224584158379742860e+02,3.742830597294064088e+00,3.141830182346629918e+00,1.994387367482788331e+00,3.994387367482788331e+00
1.436263640894819389e+02,1.226817936473552493e+02,3.659084852195317428e+00,3.005986257087882141e+00,1.968781308236337235e+00,3.968781308236337235e+00
1.440677355177903110e+02,1.230774664482354126e+02,3.689202041009796762e+00,3.183050405254254311e+00,2.007811986103243296e+00,4.007811986103243740e+00
1.445350631682553342e+02,1.234992509288854166e+02,3.769445691858530179e+00,3.350728589528557677e+00,2.033621666812932105e+00,4.033621666812932105e+00
1.449374876081780599e+02,1.238478640247238900e+02,3.806934077282797979e+00,3.362624734403165228e+00,2.027146344726267202e+00,4.027146344726267202e+00
1.452969308508621396e+02,1.241489784470468010e+02,3.798694099641980237e+00,3.300758172414292702e+00,2.013042572287492504e+00,4.013042572287492504e+00
1.457044962194522668e+02,1.245010496161609979e+02,3.828285150806133075e+00,3.332277059780205164e+00,2.024561837261861008e+00,4.024561837261860120e+00
1.460210948639492869e+02,1.247564144314316366e+02,3.772973542904540345e+00,3.207079725253279445e+00,1.997857406088543009e+00,3.997857406088542120e+00
1.465434853407755043e+02,1.252324684329024507e+02,3.891064746584254053e+00,3.460916979889381295e+00,2.058072796085081535e+00,4.058072796085081535e+00
1.467893232829968042e+02,1.254114203736139643e+02,3.785955712081735758e+00,3.182370093341091888e+00,1.990013073719368197e+00,3.990013073719367753e+00
1.471409183953419983e+02,1.257052125336603012e+02,3.750664726010567662e+00,3.151510938856341149e+00,1.995788552490080248e+00,3.995788552490080470e+00
1.474490143569776706e+02,1.259536506700927703e+02,3.686833202983800462e+00,3.052902665784192671e+00,1.977323382502780502e+00,3.977323382502780724e+00
1.480283800705408623e+02,1.264968686235640121e+02,3.818879163419982792e+00,3.468983087281204636e+00,2.062357420984815892e+00,4.062357420984816336e+00
1.482108290546767080e+02,1.266112917192103140e+02,3.667494171132746228e+00,3.091722249066747974e+00,1.963635055494306947e+00,3.963635055494306947e+00
1.484462800806485063e+02,1.267826096115255439e+02,3.548524843943694496e+00,2.887077639217165981e+00,1.934476116647407373e+00,3.934476116647407373e+00
1.489995539874574888e+02,1.273020212910093676e+02,3.625545941689997775e+00,3.316828214323710444e+00,2.024830099545542161e+00,4.024830099545542161e+00
1.492986785325151970e+02,1.275438047968360991e+02,3.599690593726307508e+00,3.161653093615937493e+00,1.975165756194877664e+00,3.975165756194877442e+00
1.497458375839653115e+02,1.279404315128794991e+02,3.683124475460537006e+00,3.282515801159867852e+00,2.006474963041841253e+00,4.006474963041841697e+00
1.500839069508207615e+02,1.282189630500601538e+02,3.673782660694286495e+00,3.194232738147511075e+00,1.982157807047290055e+00,3.982157807047289833e+00
1.506289811379481876e+02,1.287166961029937795e+02,3.835901418095438498e+00,3.469657832709459377e+00,2.045749716144212194e+00,4.045749716144212194e+00
1.510891333969339030e+02,1.291221583328688496e+02,3.929586778140497394e+00,3.543528544603013586e+00,2.050558794101660087e+00,4.050558794101659643e+00
1.515001394788668563e+02,1.294736631499324062e+02,3.972528377812600819e+00,3.519741259927290589e+00,2.044544137698352415e+00,4.044544137698352415e+00
1.520464647557121509e+02,1.299731640817639118e+02,4.068121022298684331e+00,3.767846973303684788e+00,2.097169781195094007e+00,4.097169781195093563e+00
1.522956084170032796e+02,1.301447974363453284e+02,4.043959126049069042e+00,3.363335806068956213e+00,2.022691593253564513e+00,4.022691593253565401e+00
1.528453922236940059e+02,1.306500255718199526e+02,4.098069158887473584e+00,3.678277953931734956e+00,2.098760857614844433e+00,4.098760857614843545e+00
1.531445024662111507e+02,1.308797212536556174e+02,4.062662698956919449e+00,3.415601458445907124e+00,2.047622663912895824e+00,4.047622663912894936e+00
1.534414576416943419e+02,1.311099312475623435e+02,3.966121457384822246e+00,3.239534655185170919e+00,2.025490347494845800e+00,4.025490347494845800e+00
1.537321619139100903e+02,1.313381586695810199e+02,3.855256527515967147e+00,3.101134489431376373e+00,2.007824916401238724e+00,4.007824916401238724e+00
1.538954773464744221e+02,1.314308321654544898e+02,3.649863447518903570e+00,2.760719400926364475e+00,1.945898692488002624e+00,3.945898692488002624e+00
1.542818984138567941e+02,1.317744988623892652e+02,3.591717509643680195e+00,2.928004913450325208e+00,1.985110779434835715e+00,3.985110779434836381e+00
1.546657206908982403e+02,1.321149582984142796e+02,3.583897390073459199e+00,3.029968268953733723e+00,1.993453016824203949e+00,3.993453016824204393e+00
1.551097439803227758e+02,1.325184436484071568e+02,3.629336099302894691e+00,3.213578859489084394e+00,2.017412060572009391e+00,4.017412060572008947e+00
1.554931487537984083e+02,1.328509267938061100e+02,3.658961006371135749e+00,3.226302394129697770e+00,2.008870137165339465e+00,4.008870137165340353e+00
1.558302190734278838e+02,1.331310725223620466e+02,3.640868941393299085e+00,3.156504083309847886e+00,1.990220827093378775e+00,3.990220827093378553e+00
1.563294215149523438e+02,1.335817512938667164e+02,3.771572729249677902e+00,3.366244455297439764e+00,2.038344412562860697e+00,4.038344412562861585e+00
1.567640174516268416e+02,1.339616767966321049e+02,3.845981462701185016e+00,3.420743047645903534e+00,2.040929296396343240e+00,4.040929296396344128e+00
1.571475416903076336e+02,1.342863931492514666e+02,3.860176367757696347e+00,3.380863110501798996e+00,2.030348587997437004e+00,4.030348587997437448e+00
1.573786023348676508e+02,1.344490364914569795e+02,3.725516976229363841e+00,3.099019044043501925e+00,1.973627106735815318e+00,3.973627106735815762e+00
1.579182535335427815e+02,1.349446099203879612e+02,3.849048743698352038e+00,3.414849557741348018e+00,2.052777738294311760e+00,4.052777738294311760e+00
1.583447944790963504e+02,1.353172843131799823e+02,3.903292080786388674e+00,3.454082143513711678e+00,2.050417403346091128e+00,4.050417403346091128e+00
1.587759166413342200e+02,1.356935753630216936e+02,3.949080585615179828e+00,3.494156950738060097e+00,2.058010423569662350e+00,4.058010423569661462e+00
1.590133739548651306e+02,1.358615058551995105e+02,3.830667290444524475e+00,3.189641958024879820e+00,1.996651661616073659e+00,3.996651661616073881e+00
1.593090652020582070e+02,1.360947705523229843e+02,3.736780288514548687e+00,3.063831207374791532e+00,1.985585874457074462e+00,3.985585874457075573e+00
1.594987071836891346e+02,1.362165392652869400e+02,3.556515841120931665e+00,2.775357912597172128e+00,1.933675287118959085e+00,3.933675287118958863e+00
1.597697929753649362e+02,1.364280303553978797e+02,3.477063095138449356e+00,2.686055751443427564e+00,1.925437854884929800e+00,3.925437854884929578e+00
1.603204108803591339e+02,1.369543294322763245e+02,3.505829455794654326e+00,3.204776800652597402e+00,2.011059655760476517e+00,4.011059655760476517e+00
1.607378349852081669e+02,1.373282508781099978e+02,3.583837019269884294e+00,3.280551430326858586e+00,2.004373174902729815e+00,4.004373174902729815e+00
1.611517487837544991e+02,1.376901555357524387e+02,3.661829161076162187e+00,3.315841416864744318e+00,2.005694943616904702e+00,4.005694943616903814e+00
1.616394877218501733e+02,1.381251399940823603e+02,3.803669915204581198e+00,3.453445374170075244e+00,2.036236751361110819e+00,4.036236751361110819e+00
1.619332997642890746e+02,1.383527931671065687e+02,3.759431863368784654e+00,3.245551729982340206e+00,1.986806048110210776e+00,3.986806048110210110e+00
1.622745219194928268e+02,1.386319096025363820e+02,3.730789523301766497e+00,3.171147586383277428e+00,1.981627921817998406e+00,3.981627921817998406e+00
1.627575456975171733e+02,1.390644332924394462e+02,3.824649426970247124e+00,3.357408557505420443e+00,2.026279508397526907e+00,4.026279508397527351e+00
1.630313439623039358e+02,1.392730964840511945e+02,3.741840506950004475e+00,3.145771091622215909e+00,1.974183579580347070e+00,3.974183579580346404e+00
1.634832999435438978e+02,1.396741232262269818e+02,3.801681387514696198e+00,3.291133063993988195e+00,2.012934331807864297e+00,4.012934331807865185e+00
1.639696261408315365e+02,1.401116548605464232e+02,3.893755214594017300e+00,3.459811592535644298e+00,2.043581325609587829e+00,4.043581325609587829e+00
1.641063541717427370e+02,1.401723520040654876e+02,3.704399240753745826e+00,2.989980836932554453e+00,1.937383357277499218e+00,3.937383357277499218e+00
1.643106225493773138e+02,1.403086198986283364e+02,3.537128043556147183e+00,2.746883031941476094e+00,1.906479872534283304e+00,3.906479872534283526e+00
1.646685519332976071e+02,1.406164285707450006e+02,3.501789295259380541e+00,2.835801930319580499e+00,1.931679522800608950e+00,3.931679522800608950e+00
1.652089599909760977e+02,1.411275615001575261e+02,3.571180083856639875e+00,3.262982055826653127e+00,2.000732647710913525e+00,4.000732647710913525e+00
1.655414069721822159e+02,1.414068324341869527e+02,3.575435521836798358e+00,3.176867866991762490e+00,1.961689861860798079e+00,3.961689861860797635e+00
1.660487885117778148e+02,1.418672411892430318e+02,3.724569166637353046e+00,3.385523293547836321e+00,2.009304974563973278e+00,4.009304974563972834e+00
1.663282058455458241e+02,1.420826999849443268e+02,3.667766172408646774e+00,3.178567598322101340e+00,1.953403711455448555e+00,3.953403711455448111e+00
1.668427425185847710e+02,1.425469138136161291e+02,3.807216449154718685e+00,3.400265178174048497e+00,2.012563201231701182e+00,4.012563201231701626e+00
1.672780506059477830e+02,1.429260465021414461e+02,3.877746646659534946e+00,3.446602418573157856e+00,2.014330244535333492e+00,4.014330244535333492e+00
1.677395432141005074e+02,1.433330029442339537e+02,3.953223597158215696e+00,3.538083845801743177e+00,2.031598059656038568e+00,4.031598059656039013e+00
1.681692407906226094e+02,1.437054794091145880e+02,4.000306908842109266e+00,3.556056712963173716e+00,2.034923847693084653e+00,4.034923847693084653e+00
1.685928175946625061e+02,1.440715375195911747e+02,4.030442113338369658e+00,3.564260970014471397e+00,2.040484188062396953e+00,4.040484188062396953e+00
1.689352285251881938e+02,1.443494411563732172e+02,4.002409263659485461e+00,3.419571709985293584e+00,2.018562932548324973e+00,4.018562932548324973e+00
1.693688542706758255e+02,1.447286983070254394e+02,4.017063211263933731e+00,3.489269810134529415e+00,2.042110100987111210e+00,4.042110100987112098e+00
1.696954357163559735e+02,1.449927866969744343e+02,3.959061201764518589e+00,3.345068619525343401e+00,2.016447886009724577e+00,4.016447886009725465e+00
1.701838418465985967e+02,1.454331702277586942e+02,4.023945399515771015e+00,3.530860734659587497e+00,2.062259609889910195e+00,4.062259609889910195e+00
1.706128045005257547e+02,1.458084690912362476e+02,4.053032459092604789e+00,3.563562928295302079e+00,2.065925760988863047e+00,4.065925760988863047e+00
1.709397060903512795e+02,1.460734155905280431e+02,3.992254544058916998e+00,3.407277420066869844e+00,2.037140471791340168e+00,4.037140471791341056e+00
1.712152831799176624e+02,1.462848410155444014e+02,3.869130539954057646e+00,3.205074426899344076e+00,2.005965899694977850e+00,4.005965899694977850e+00
1.714170623523971813e+02,1.464194817642462283e+02,3.681570760809386833e+00,2.917636860083505201e+00,1.959043856253518179e+00,3.959043856253518623e+00
1.718518505804934193e+02,1.468115543027822696e+02,3.676072833922552796e+00,3.128849815085887442e+00,2.009397600917159465e+00,4.009397600917158577e+00
1.721962185636183733e+02,1.471036629125115098e+02,3.656355168044548076e+00,3.096334999798429521e+00,1.995108160123671759e+00,3.995108160123671315e+00
1.725705643012708208e+02,1.474264491096363656e+02,3.658072080418786065e+00,3.123844724752466995e+00,1.997638659150176466e+00,3.997638659150176910e+00
1.729352175380895460e+02,1.477374157925651161e+02,3.657438482166861959e+00,3.125389336280143038e+00,1.993499569697689378e+00,3.993499569697689378e+00
1.734555128675759192e+02,1.482136224395227089e+02,3.793939473852717015e+00,3.396950644108278183e+00,2.045906789256092040e+00,4.045906789256091152e+00
1.738300444314429569e+02,1.485316533807639132e+02,3.807091309893710029e+00,3.351650413319514410e+00,2.023661102333897954e+00,4.023661102333898398e+00
1.742079221770347317e+02,1.488519293581447869e+02,3.813817136710179412e+00,3.321703357618789099e+00,2.019148912632420689e+00,4.019148912632419801e+00
1.746344914305216776e+02,1.492233815995223267e+02,3.865978845336199399e+00,3.379211361284376380e+00,2.035122863171012320e+00,4.035122863171012320e+00
1.749735565173569682e+02,1.495022958645624271e+02,3.825504896557489154e+00,3.280314114531300618e+00,2.013653353951484704e+00,4.013653353951485592e+00
1.754953167757776100e+02,1.499756880179845382e+02,3.955920130316030292e+00,3.515045920528522050e+00,2.068855872329314671e+00,4.068855872329313783e+00
1.757405690509728515e+02,1.501534916714359156e+02,3.836159992344435832e+00,3.221066604826281043e+00,2.000861896463224099e+00,4.000861896463224099e+00
1.761285346120068596e+02,1.504856286527552811e+02,3.828101908936131448e+00,3.245918823748706661e+00,2.019503604103992878e+00,4.019503604103992878e+00
1.763529355609133233e+02,1.506446716257898970e+02,3.668253393946809826e+00,2.990589934242578352e+00,1.966157842009289780e+00,3.966157842009289780e+00
1.768359397248877087e+02,1.510848253672279498e+02,3.731111099542160581e+00,3.252126510286840855e+00,2.026996351426269438e+00,4.026996351426269882e+00
1.773842023898441482e+02,1.515916313838740166e+02,3.893035206714468011e+00,3.543230463809185604e+00,2.077052218952110785e+00,4.077052218952109897e+00
1.777229820816988877e+02,1.518705752641684228e+02,3.875508979894288775e+00,3.404456651074603268e+00,2.035100232422092592e+00,4.035100232422093036e+00
1.780191876632768242e+02,1.521036023576332923e+02,3.794173602147268731e+00,3.232107458866394278e+00,2.005368375103393053e+00,4.005368375103393497e+00
1.782951026593345603e+02,1.523167537967559326e+02,3.687536182258674966e+00,3.063912370816120223e+00,1.980601337757299296e+00,3.980601337757299518e+00
1.786442072356949211e+02,1.526100514234451850e+02,3.656745203351420059e+00,3.052881401496019276e+00,1.987531706278638399e+00,3.987531706278637955e+00
1.788563644575177989e+02,1.527568995758681183e+02,3.511966776966037429e+00,2.799012322342957049e+00,1.935577144648131798e+00,3.935577144648131576e+00
1.791599543475775249e+02,1.530037884556566326e+02,3.458563326218812684e+00,2.762121931519745832e+00,1.933840888716360507e+00,3.933840888716360507e+00
1.796764942662779845e+02,1.534866784534174826e+02,3.528458396621640958e+00,3.154988647114227884e+00,1.999944200592829402e+00,3.999944200592828736e+00
1.800698547258091935e+02,1.538310301255030765e+02,3.584566499757332547e+00,3.191583058277957630e+00,1.987997003428594534e+00,3.987997003428594756e+00
1.803948098471305457e+02,1.540987727023355092e+02,3.566048191427085623e+00,3.105432260856668680e+00,1.961783178184205001e+00,3.961783178184204779e+00
1.809905658684725722e+02,1.546505881996551182e+02,3.796758109351460408e+00,3.476223368085511467e+00,2.045347233113886443e+00,4.045347233113886887e+00
1.813202069456600043e+02,1.549171170813783931e+02,3.796218924870978562e+00,3.318196155129129465e+00,1.995856610513469631e+00,3.995856610513470297e+00
1.817006021666475135e+02,1.552376924404584884e+02,3.804983647253718182e+00,3.292280307973352471e+00,1.996610979336077341e+00,3.996610979336076674e+00
1.819391261121747903e+02,1.554080064713595277e+02,3.681921288340523901e+00,3.037029318057576255e+00,1.945689648947888761e+00,3.945689648947888983e+00
1.823196690563085838e+02,1.557336846618092068e+02,3.678402979921135518e+00,3.083962829568017039e+00,1.966829202827084844e+00,3.966829202827084622e+00
1.829254932340936932e+02,1.563021775585382898e+02,3.864309230077507706e+00,3.515808133586861839e+00,2.052618255022895966e+00,4.052618255022895966e+00
1.833088649287674627e+02,1.566278176186897326e+02,3.899066291197819556e+00,3.448967029653982941e+00,2.020934119232213000e+00,4.020934119232213000e+00
1.836469234239554567e+02,1.569033408736486308e+02,3.872009122698284678e+00,3.325743531496001104e+00,1.998170594117284038e+00,3.998170594117284260e+00
1.841226594927381370e+02,1.573276733046572815e+02,3.945431221769383434e+00,3.475263404728587080e+00,2.037330037942326921e+00,4.037330037942327365e+00
1.845811367568904018e+02,1.577333188514173514e+02,4.006095219031283960e+00,3.562608995718251403e+00,2.052842923836384781e+00,4.052842923836384337e+00
1.848781891599210780e+02,1.579638292562181050e+02,3.947217325512411445e+00,3.337317749045814352e+00,2.008613975473907853e+00,4.008613975473908297e+00
1.854759788014784476e+02,1.585223287546841675e+02,4.062345288547045463e+00,3.716757949956465357e+00,2.098158970231877696e+00,4.098158970231877696e+00
1.855476660462657605e+02,1.585034994392173360e+02,3.906661746944875890e+00,3.025069303297015288e+00,1.953529576817580438e+00,3.953529576817579994e+00
1.858889289481581955e+02,1.587853084717731917e+02,3.819858147850684560e+00,3.026212636198283068e+00,1.980143342115803229e+00,3.980143342115802785e+00
1.862595002360078809e+02,1.591042033712945738e+02,3.777540492752030410e+00,3.077490001616067783e+00,1.991773258351956732e+00,3.991773258351956510e+00
1.867502792509340281e+02,1.595555141246662743e+02,3.833644866653879379e+00,3.332443108314279812e+00,2.037487085058812930e+00,4.037487085058812930e+00
1.870675015416697988e+02,1.598167239688492884e+02,3.774158189734817981e+00,3.225244387293986215e+00,1.998860056832312715e+00,3.998860056832312715e+00
1.875288066791408710e+02,1.602304796591799629e+02,3.844855769783510624e+00,3.368916409396217837e+00,2.034837723738226689e+00,4.034837723738226245e+00
1.877128170811358245e+02,1.603487103350592520e+02,3.652229323131630956e+00,3.044512608805628240e+00,1.952417585083604967e+00,3.952417585083604301e+00
1.879994719055123085e+02,1.605765547459982088e+02,3.579716973705757255e+00,2.941798384560670776e+00,1.945425744229666964e+00,3.945425744229666964e+00
1.886178291018084110e+02,1.611670520220769163e+02,3.690271933803433324e+00,3.478421639954762501e+00,2.053343972928361794e+00,4.053343972928361794e+00
1.889592162309846799e+02,1.614537333956513692e+02,3.704614533136012522e+00,3.363237876596488540e+00,2.007578516101550470e+00,4.007578516101550470e+00
1.892761068493701941e+02,1.617104743450334183e+02,3.673167813573726459e+00,3.233032427491228766e+00,1.983080756682583878e+00,3.983080756682583434e+00
1.896758969928764031e+02,1.620535087831821670e+02,3.714592555865644297e+00,3.254034106239112489e+00,1.998974255807761669e+00,3.998974255807761224e+00
1.900468631924996998e+02,1.623657873933655651e+02,3.726054556888681368e+00,3.225475219950566963e+00,1.994167591002043105e+00,3.994167591002042883e+00
1.905266106328442390e+02,1.627937598550777807e+02,3.828575616933528547e+00,3.382708158535256970e+00,2.031128758164916892e+00,4.031128758164916448e+00
1.907736362101144607e+02,1.629735880909466346e+02,3.724054966876320538e+00,3.127027873757980192e+00,1.967750265341773552e+00,3.967750265341773108e+00
1.912931007874747422e+02,1.634466967799496615e+02,3.834749498088750208e+00,3.389769733151107189e+00,2.035386019360017507e+00,4.035386019360017507e+00
1.915528284492098976e+02,1.636410882435401390e+02,3.742148440932358877e+00,3.154638630373083785e+00,1.974141401019931186e+00,3.974141401019930964e+00
1.919496002212580095e+02,1.639834535086368987e+02,3.754770576622707967e+00,3.202662200602508502e+00,1.994651919714107713e+00,3.994651919714107713e+00
1.925888854308502971e+02,1.645846915969555369e+02,3.975774587859907783e+00,3.650287630236328518e+00,2.089173014964808672e+00,4.089173014964809560e+00
1.930545838476278675e+02,1.649964684669629946e+02,4.064943293553534787e+00,3.697011917791654056e+00,2.081424067547247514e+00,4.081424067547247070e+00
1.933535631895865947e+02,1.652236097110700825e+02,4.048302126035927095e+00,3.418475338069886682e+00,2.030287862536922727e+00,4.030287862536923171e+00
1.937393973802803089e+02,1.655487669689097174e+02,4.019791699333936208e+00,3.399195213452436359e+00,2.040471340338932293e+00,4.040471340338932293e+00
1.940661053654034731e+02,1.658129215895754101e+02,3.951519720406293956e+00,3.281008978940747500e+00,2.022598279741062210e+00,4.022598279741062655e+00
1.943240296635328264e+02,1.660062423258722504e+02,3.815216889271169087e+00,3.079910828248674459e+00,1.987136579965812500e+00,3.987136579965811833e+00
1.947702558525220979e+02,1.664074388545493264e+02,3.834083074372173883e+00,3.257298038169553767e+00,2.032069675426830369e+00,4.032069675426830813e+00
1.950993833897188381e+02,1.666814199786572601e+02,3.777860707179368394e+00,3.181954141698505545e+00,2.008345836786137539e+00,4.008345836786137539e+00
1.954529009170378799e+02,1.669813194796421101e+02,3.745505307146467899e+00,3.161290622782914728e+00,2.005359917443912732e+00,4.005359917443912288e+00
1.957771290213996167e+02,1.672495624479532523e+02,3.691425678747227490e+00,3.092362124516886634e+00,1.990518184502026777e+00,3.990518184502026333e+00
1.961881700733503351e+02,1.676107724226735343e+02,3.718141552949696838e+00,3.185602322733040559e+00,2.011077553135264040e+00,4.011077553135264040e+00
1.966158048680344734e+02,1.679882121163500415e+02,3.771204262639845428e+00,3.280323037921904383e+00,2.025348286783838159e+00,4.025348286783837715e+00
1.969591180203105409e+02,1.682746621624607997e+02,3.740614380048864263e+00,3.214434549637900318e+00,2.004345738102268015e+00,4.004345738102268015e+00
1.973165878936805484e+02,1.685758470707444872e+02,3.723880610732769991e+00,3.183754868790148684e+00,1.999877928701585095e+00,3.999877928701584651e+00
1.975035550091281493e+02,1.686970131797036174e+02,3.536588189302589225e+00,2.890725943918856622e+00,1.934049898662807410e+00,3.934049898662807188e+00
1.980724598140253079e+02,1.692317681355945638e+02,3.644203077370224975e+00,3.343456283122708594e+00,2.032799061713571831e+00,4.032799061713572719e+00
1.984936683723555291e+02,1.696031274463637715e+02,3.725822046742746529e+00,3.384025131892684168e+00,2.025545966883671056e+00,4.025545966883671056e+00
1.989566796122711310e+02,1.700127390852846361e+02,3.842410190766655909e+00,3.472844196863866806e+00,2.043810693234458853e+00,4.043810693234457965e+00
1.994333727327085626e+02,1.704353443523175997e+02,3.940171306460851230e+00,3.566648725918907914e+00,2.063928408381443091e+00,4.063928408381443091e+00
1.995514022189451282e+02,1.704709327150388845e+02,3.767641714705579403e+00,3.020255764611731841e+00,1.950285553410078254e+00,3.950285553410078698e+00
2.000805551721620361e+02,1.709554240720867710e+02,3.846058899057782643e+00,3.343385317145893598e+00,2.040432366377393336e+00,4.040432366377393336e+00
2.003589578222970999e+02,1.711698483475288413e+02,3.761903056078537144e+00,3.151627039956591325e+00,1.988858359992242697e+00,3.988858359992242697e+00
2.007249486587006686e+02,1.714803699006162674e+02,3.743057233777540294e+00,3.151656207575578517e+00,1.996169095849480657e+00,3.996169095849481323e+00
2.010473139979850430e+02,1.717449698904876527e+02,3.689920294772447651e+00,3.078190052166447366e+00,1.979909967049080954e+00,3.979909967049080954e+00
2.012252268928345416e+02,1.718544969577240806e+02,3.525969997875420425e+00,2.781230846430909232e+00,1.915125246197254993e+00,3.915125246197255215e+00
2.018471656435224872e+02,1.724550496046941817e+02,3.584081801399818801e+00,3.403570621481811553e+00,2.037977750024680290e+00,4.037977750024680290e+00
2.023129631870855576e+02,1.728776896203092406e+02,3.712403122900684860e+00,3.506199149131101755e+00,2.039552306619174971e+00,4.039552306619174971e+00
2.027047247131362724e+02,1.732124374162814320e+02,3.774521886312605101e+00,3.452064839287267706e+00,2.023680978856086554e+00,4.023680978856086554e+00
2.031444977409639705e+02,1.735942402384577576e+02,3.859926812650956496e+00,3.483703814634891316e+00,2.038725753895864745e+00,4.038725753895864301e+00
2.034996496325638304e+02,1.738854513187987436e+02,3.862418384248096359e+00,3.373120817982518282e+00,2.019003995463787948e+00,4.019003995463787504e+00
2.037913647414751495e+02,1.741099125890818584e+02,3.793046946250649309e+00,3.188406630372121686e+00,1.988423766172547014e+00,3.988423766172546792e+00
2.041742944021664243e+02,1.744353652057912427e+02,3.787856180023822628e+00,3.204210035077819096e+00,2.003172422736752889e+00,4.003172422736753333e+00
2.045879145473817857e+02,1.747953706466570623e+02,3.813688788272083574e+00,3.270232870355771926e+00,2.017892945579927044e+00,4.017892945579927932e+00
2.049772723851432374e+02,1.751294211619987493e+02,3.822298028905880773e+00,3.280720579192748065e+00,2.016807916433846604e+00,4.016807916433846160e+00
2.053391343255478603e+02,1.754342114096501177e+02,3.803973225417356385e+00,3.244290287958486285e+00,2.007931539650970265e+00,4.007931539650970265e+00
2.057573231614530300e+02,1.757993875111246780e+02,3.836876001539749392e+00,3.310586275095478648e+00,2.023942683269604359e+00,4.023942683269603471e+00
2.060992961092411235e+02,1.760832070394621383e+02,3.798527842122614739e+00,3.235977074723459079e+00,2.005059059213288641e+00,4.005059059213288641e+00
2.064980401105606518e+02,1.764278415519465568e+02,3.813484130050624366e+00,3.271922210284083032e+00,2.016398748862401114e+00,4.016398748862400225e+00
2.068833107427697655e+02,1.767580310880765069e+02,3.817182794635349818e+00,3.277310597759063082e+00,2.016490765722339873e+00,4.016490765722339873e+00
2.073581030186826126e+02,1.771829468696550691e+02,3.905773102085853932e+00,3.430061391033751406e+00,2.049486444999017998e+00,4.049486444999017998e+00
2.075172893455748238e+02,1.772715737719792628e+02,3.693097560462968776e+00,3.029494758119644526e+00,1.955398902246872517e+00,3.955398902246872073e+00
2.080210070140077505e+02,1.777320508883342143e+02,3.772582076720407684e+00,3.311516842563821061e+00,2.030518038915254397e+00,4.030518038915254841e+00
2.083683000105881433e+02,1.780234047932578960e+02,3.752471572719490833e+00,3.244830406472639872e+00,2.006731503561219654e+00,4.006731503561219654e+00
2.086801991117405919e+02,1.782764454685886903e+02,3.691577698194725698e+00,3.134400575465962735e+00,1.984383151765118480e+00,3.984383151765118036e+00
2.091153629036822679e+02,1.786608120141017650e+02,3.748026329649626120e+00,3.251670851890103631e+00,2.014674767825284540e+00,4.014674767825285429e+00
2.093090430241011290e+02,1.787883766528059084e+02,3.570768057739827750e+00,2.947394061059647186e+00,1.941574985163341704e+00,3.941574985163342149e+00
2.097207610415258614e+02,1.791511522613620855e+02,3.592560113209335437e+00,3.077866589892912508e+00,1.979392962786685306e+00,3.979392962786685750e+00
2.101643359190259446e+02,1.795471048495433877e+02,3.664843355586411722e+00,3.223602550506137643e+00,2.002744786923272180e+00,4.002744786923271292e+00
2.105122785502262275e+02,1.798383097381591824e+02,3.659722599332205117e+00,3.167450739866789267e+00,1.981536494828621819e+00,3.981536494828621819e+00
2.109768708505627046e+02,1.802519878520693339e+02,3.761627571601599218e+00,3.315560800856571788e+00,2.014002405311738464e+00,4.014002405311738464e+00
2.113874607715989384e+02,1.806068498080317966e+02,3.809289395031076442e+00,3.341686945393136376e+00,2.012561664253645688e+00,4.012561664253645688e+00
2.116749498098298830e+02,1.808309111711598121e+02,3.727459882171658911e+00,3.162033675568745483e+00,1.972095261330260474e+00,3.972095261330260030e+00
2.120183823105400052e+02,1.811158211125319326e+02,3.694614196630940484e+00,3.115414239140140484e+00,1.971012298546754415e+00,3.971012298546753971e+00
2.124449899908340171e+02,1.814903609697983597e+02,3.744942513619534452e+00,3.220126932403011288e+00,1.995466733929860847e+00,3.995466733929861292e+00
2.128717788586811253e+02,1.818644990093161766e+02,3.799758506148292359e+00,3.300796228839737889e+00,2.006827044704187379e+00,4.006827044704187379e+00
2.134684613592150413e+02,1.824169762110144291e+02,4.016129086118869651e+00,3.651157036772305631e+00,2.076067864846725008e+00,4.076067864846725008e+00
2.138301985043704576e+02,1.827158103232688973e+02,4.029393625061097772e+00,3.507804432642004588e+00,2.035552006685541926e+00,4.035552006685541926e+00
2.141846400774254846e+02,1.830072015107710399e+02,3.994248164325088890e+00,3.403063424666206149e+00,2.022116995672573303e+00,4.022116995672574191e+00
2.145181177976074025e+02,1.832786591442534814e+02,3.928869184317858920e+00,3.293529837385904990e+00,2.008785657213315368e+00,4.008785657213316256e+00
2.148444828039405934e+02,1.835455426631298224e+02,3.851994718351623437e+00,3.202134024435328907e+00,1.997641567973542642e+00,3.997641567973542642e+00
2.152669674547109366e+02,1.839173920572571035e+02,3.873177788773875196e+00,3.296792188339333407e+00,2.022782299760948366e+00,4.022782299760948810e+00
2.156723747625636634e+02,1.842704685407740044e+02,3.886416458910888494e+00,3.338662543782124015e+00,2.027998803616294587e+00,4.027998803616294587e+00
2.159923112069822650e+02,1.845326221924302388e+02,3.810688911635596199e+00,3.229965789520468089e+00,2.002263544634466985e+00,4.002263544634467429e+00
2.164654986691027716e+02,1.849571792529960135e+02,3.897509241657882040e+00,3.396823656645603151e+00,2.043599477236373474e+00,4.043599477236374362e+00
2.166031469693592442e+02,1.850263461635815645e+02,3.639314954779835798e+00,2.989805143923041086e+00,1.944453820238932540e+00,3.944453820238932540e+00
2.171919394591532750e+02,1.855813007457489334e+02,3.765166639091909850e+00,3.453685597555400388e+00,2.054336974227501500e+00,4.054336974227501500e+00
2.174911104571003193e+02,1.858231595283775732e+02,3.715241639213753722e+00,3.280004020882373084e+00,2.001648841246984389e+00,4.001648841246982613e+00
2.177836103658374327e+02,1.860556752428932157e+02,3.644143891445914551e+00,3.129570431556096821e+00,1.976716532068476084e+00,3.976716532068476084e+00
2.181654028794804674e+02,1.863823611111579908e+02,3.660945908800209203e+00,3.151524645031427152e+00,1.991333527555793292e+00,3.991333527555792848e+00
2.185939344669133106e+02,1.867584575760234316e+02,3.722833334591391541e+00,3.246244003012088264e+00,2.011077121424608372e+00,4.011077121424608372e+00
2.187682583532064484e+02,1.868639443762738210e+02,3.544529165302071849e+00,2.910048091510491375e+00,1.929752838931026782e+00,3.929752838931026115e+00
2.193451019600321388e+02,1.874059476421192016e+02,3.655842662315714975e+00,3.364411504026220801e+00,2.030944456318719116e+00,4.030944456318718672e+00
2.198755996076195061e+02,1.878917832035913875e+02,3.831888075644764857e+00,3.575690283789550783e+00,2.061654389564397505e+00,4.061654389564397505e+00
2.202618512462740910e+02,1.882179338581439936e+02,3.883066816644663355e+00,3.492337354755409962e+00,2.035868483927388617e+00,4.035868483927388617e+00
2.205771931143009112e+02,1.884667000555590448e+02,3.848882149464313507e+00,3.314389554726830500e+00,2.005296115339449070e+00,4.005296115339448626e+00
2.210082249153493876e+02,1.888413462608323528e+02,3.886911540228728867e+00,3.380141015190567977e+00,2.032000938928216094e+00,4.032000938928216094e+00
2.212090348408079876e+02,1.889700017467562247e+02,3.735935978462778806e+00,3.044218100973292707e+00,1.961200142330874696e+00,3.961200142330874474e+00
2.214486226578645756e+02,1.891431135408933528e+02,3.614209286929432441e+00,2.846896887286762823e+00,1.935682375102950381e+00,3.935682375102950381e+00
2.219863461274033227e+02,1.896484793821795165e+02,3.657628630154093674e+00,3.272793096228335585e+00,2.020559671561619197e+00,4.020559671561619197e+00
2.221873834818481441e+02,1.897853332224303244e+02,3.541275173348731542e+00,2.966338734994263149e+00,1.937708270195584115e+00,3.937708270195583893e+00
2.226254735517661913e+02,1.901783219987298708e+02,3.581416974036432777e+00,3.140757207143823226e+00,1.981582718620136241e+00,3.981582718620136685e+00
2.231012308407780438e+02,1.906085050636733342e+02,3.684051920353028642e+00,3.320673066253048589e+00,2.011840061224015042e+00,4.011840061224015486e+00
2.234163368557952083e+02,1.908635134127515016e+02,3.657431241276384970e+00,3.189646184388741812e+00,1.972502129630056000e+00,3.972502129630056444e+00
2.238869343517563948e+02,1.912823615290120358e+02,3.760969854173811466e+00,3.336392072418807864e+00,2.011184380930814086e+00,4.011184380930813198e+00
2.242707929548785160e+02,1.916078785162443410e+02,3.786606504641903292e+00,3.310678509860756069e+00,1.999807349993163452e+00,3.999807349993163008e+00
2.246721876820702164e+02,1.919520683499922598e+02,3.815266364920872455e+00,3.322377535860142395e+00,2.004160719245903888e+00,4.004160719245903444e+00
2.248481629522961498e+02,1.920563145197644985e+02,3.638228609183187245e+00,2.965666601133871261e+00,1.926088258522803631e+00,3.926088258522803631e+00
2.252857275532235519e+02,1.924455486525659182e+02,3.665440166163288715e+00,3.138675388619736051e+00,1.977021233043454673e+00,3.977021233043454895e+00
2.256988236164848161e+02,1.928078293781620118e+02,3.706167967134283980e+00,3.216113094035029096e+00,1.986521007773067726e+00,3.986521007773067726e+00
2.261750239879341109e+02,1.932353004045096441e+02,3.807451870643822289e+00,3.378250146188881420e+00,2.015476484484402864e+00,4.015476484484402420e+00
2.265885068091782841e+02,1.935934097682344941e+02,3.853636766008835757e+00,3.397973170619561056e+00,2.011703833234576244e+00,4.011703833234576244e+00
2.269108703446230493e+02,1.938535335264997173e+02,3.810430004612118893e+00,3.262621190499085166e+00,1.982394674255849809e+00,3.982394674255850031e+00
2.274067783066537345e+02,1.942995127450111568e+02,3.912468912018403966e+00,3.453556636315040951e+00,2.030897420708120293e+00,4.030897420708120293e+00
2.277953570004272592e+02,1.946300545429961630e+02,3.925746547443362822e+00,3.419017596567129669e+00,2.018259577286849904e+00,4.018259577286849904e+00
